overall_entropy,grad_entropy,l1_entropy,l1_grad_entropy,l2_entropy,l2_grad_entropy,num_steps,success
1.0780841487940418,0.7577390898880524,0.5754322679246742,0.5866586012282617,1.656258619404087,1.0245964268388705,12000,True
0.7885471535481245,0.5778911091364233,0.48416688776709127,0.3056475231636968,1.2697891228346447,0.6427103055224178,13500,True
1.3657996303473514,0.5765132594634863,0.8899551274262514,0.5189037006874159,1.5677834563744149,0.8391227389720516,12500,True
0.8501592992285262,0.5164553201388444,0.5739687504348326,0.4359138266097389,1.3170149729634848,0.7308598372983103,30000,True
0.6505296516976674,0.46323163332807193,0.484182210283891,0.31690983923850896,1.09500220785811,0.5220292521156515,14000,True
1.0643406166737026,0.6264952517915555,0.7221613953464238,0.5046636149064616,1.504591325802038,0.9365479647362083,10500,True
1.4449904068030548,0.811822694623183,1.034401121862093,0.8894263275960139,1.6375710921248625,0.9496756819184333,14000,True
0.9623973377132127,0.3049464635606599,0.4965927794028928,0.3576243558062504,0.6608169967856113,0.28398577156875915,25000,True
1.043250575225809,0.5661901574533792,0.6480938682005184,0.4006068217006132,1.5680407734306305,0.8893675352738103,14500,True
1.0544896999546283,0.628565610966186,0.48173502168759014,0.3967809987152675,1.209541892107332,0.7079409720565781,23500,True
0.8738605290606094,0.5701638847630908,0.4324539344761593,0.3453005195186516,1.2428254172747852,0.7938234884403798,22500,True
1.2275916025435603,0.6699981367957021,0.8076629644338513,0.4973732067418837,1.5161825642187619,0.6736833256790941,13000,True
1.1565796676160542,0.5678476885034638,0.7716681959505947,0.3716610513240035,1.3207626928027292,0.6469460002266783,14000,True
1.015610374169145,0.9337919214216857,0.6524068240720865,0.5130619746170176,1.417104088728524,0.5594692475240283,22000,True
1.1460977944514927,0.7125330551104645,0.7224213070660258,0.47480759567080916,1.4888894027115032,0.8627322083888621,11000,True
1.2630135812864725,0.6216356861370999,0.8387339042660099,0.5631787249487891,1.6459419160923698,0.98160538639172,12000,True
1.2356445071466935,0.8600737144723397,0.9005824030637384,0.6122833640359071,1.644088216036404,1.2125404584882782,16000,True
0.7356414787424018,0.23457522980060094,0.4522435445677395,0.20067447192916973,1.0402088013871107,0.393803288853915,24000,True
1.024960134027062,0.6059135502543567,0.6115990286591431,0.3992646469545889,1.5856719933197034,1.0026279155833953,10000,True
0.8115460449659673,0.9008907490724104,0.5318068167224163,0.6911324481788342,1.3705067702897846,0.6237655652488273,11000,True
1.1577264315213176,0.6086909829296462,0.5731521585728545,0.458080164743537,1.7204819162774647,1.0579824705599905,11000,True
1.0230258146702045,0.4993056218459735,0.6831956294823818,0.35157075295177803,1.479808476744958,0.6723820908198308,17000,True
1.113139013155186,0.44708676279198817,0.5623663373811915,0.36215871235987096,1.495626584236127,0.9067922305870258,2000,True
1.0151421736524375,0.40817662468099414,0.7208345132192865,0.40295342060876166,1.2642651112547187,0.625767302031969,13000,True
0.9544113397432077,0.407613099893019,0.5841615079294394,0.7079258341013848,1.295661251880778,0.5486901894710472,19000,True
0.8407148051925075,0.3333023797247882,0.5521200227771184,0.30166299146880887,1.309386643403618,0.6557337815403277,8000,True
0.8795911005572299,0.7627271141751113,0.3874530302984484,0.523241446822842,1.2952255997072062,0.6586660324335399,20000,True
0.872734953219167,0.3773297076519174,0.5061248584084422,0.25987539255275394,1.2927733366254657,0.7043399391157825,13000,True
1.224101077531701,0.9763345795382287,0.713060904108396,0.4605936022304433,1.698609230603757,1.1068839575371263,18000,True
0.9959632169739491,0.44677191478307,0.643040402241558,0.5271356975306846,1.441159647593805,0.8431073307608341,13000,True
1.15127719931246,0.37346725521026597,0.7545934917258795,0.549990591991742,1.398694582269823,0.46604913941622167,9000,True
0.7287085210583885,0.5446299049513701,0.4503667338262041,0.3266691287939805,1.2679425581274837,0.6154868145600175,8000,True
1.011531234976374,0.6941521523782758,0.5163905705355378,0.5082309873595969,1.666073383620603,1.014454816815009,12000,True
0.9158959079224921,0.4293479759847677,0.5923090783208557,0.38030919867294494,1.2724321501904867,0.6605360709359525,18500,True
0.9115052149402023,0.4013434096669803,0.3938111459155923,0.34910647934527533,1.4884975936105747,0.8960441878983469,10000,True
1.2255892206242773,0.752992010867907,0.9079625209359106,0.6697635095177246,1.7924809027540012,1.238185319837086,7000,True
0.8182788561604951,0.2674206315380042,0.4721889310222185,0.1462548486733258,1.1780894558223496,0.5092501660835291,17500,True
1.017901213521583,0.3150957512668058,0.47577312799583216,0.306952531184322,1.265832432255028,0.5891542375112417,10000,True
0.8818351273634922,0.4183680474283695,0.5653695180319516,0.32725569385344133,1.4767710636433318,0.8205719357483918,11500,True
0.914264716853816,0.5517675723732449,0.5699477788818645,0.3728708110891124,1.5079394836535038,0.824609208066652,12500,True
1.1355954614439887,0.4380671744578105,0.7368154946067235,0.44986833836797113,1.439069331581531,0.7409242657804667,10500,True
0.9860590921717354,0.562873682149477,0.6198247395183699,0.4421778515258967,1.3106016748159504,0.4485599796247184,10000,True
1.0031118724951682,0.4869923239073869,0.655893106195559,0.41800300158205234,1.3801460286400438,0.667991073355922,39500,True
1.313636877496562,0.7969787685947687,0.8870855821182172,0.503996880811621,1.6785840417687377,1.048179378725335,12000,True
0.8351077069909654,0.40211944746621503,0.5838837175619178,0.37029851514621687,1.3144889760737217,0.546310214685024,13000,True
0.8416264690940389,0.5418924026991946,0.6181793681474638,0.39059550244617897,1.3904461357778464,0.7172845350072751,12000,True
0.9527212115510891,0.6193256440036097,0.6404674809425962,0.42380605079120165,1.3310648000610494,0.795618869692771,12500,True
0.5676078894263586,0.2973805255186632,0.38764928578411856,0.2114838058853119,0.9614179769548521,0.410259556331816,16000,True
0.8407409266306017,0.3198079691564101,0.5067806316926434,0.39447847030559247,1.3159506080839005,0.538405984955107,11500,True
1.2017182287029602,0.5980086261713682,0.7989308407115624,0.47341054554885087,1.560443983904556,0.7304947426915465,11500,True
1.0317964659715,0.48523126358658525,0.7376180361180817,0.46380813670305143,1.3774093388617,0.6622271153833856,9000,True
1.2181386375226124,0.8645426848341766,0.8186271712800294,0.5021880869534076,1.8690439713222593,1.3273612836960729,13500,True
0.9532487613871086,0.66806498255996,0.7573513425736926,0.5817052418202108,1.452838197706453,0.8855933751992141,13500,True
1.0920826772716694,0.45450366215573973,0.6930323522280569,0.6279645188831248,1.3141362082398331,0.4435561917322533,12500,True
1.038847535205192,0.4503831868975152,0.6805937121651926,0.36973098180281366,1.5015532098995203,0.8633301103972988,10000,True
1.0928266786076766,0.7234784250946963,0.7434698129682544,0.6807153901285796,1.6192923697884172,1.0288678084710108,8000,True
0.9107286337285673,0.9336387711759769,0.5984634292827566,0.7472037566891191,1.446680252923107,0.8216380412034031,18500,True
1.0135029295726898,0.5743603483561276,0.6993950734724035,0.4781916898088843,1.5629105539241164,0.9143970066119853,11500,True
1.238012948114898,0.9181201560966873,0.7803634889389777,0.6613618068744813,1.694328835123895,0.8747568153837808,12000,True
0.9898141351372607,0.5312062552969643,0.8023797638343492,0.36406308025889295,1.3607220586156565,0.6647392919945156,16500,True
1.3648908975551333,0.7209287967904605,1.0041880592698917,0.6268395943472805,1.7364694635916251,1.0789719322854183,18000,True
0.9205259163796929,0.48548736797947695,0.520761426117073,0.45347017722582617,1.4518204962012484,0.8002715430808446,11500,True
1.0516058227640852,0.8254573601796952,0.6557840654697963,0.5448077536209407,1.5671976772124352,0.8605800149410834,16000,True
0.6671542726717892,0.8074560122898711,0.45988471244493856,0.5915051120044786,1.1023233368025291,0.5415424311339784,9000,True
0.7905625107221895,0.40455179283993103,0.5727289107745225,0.30906853187009864,1.2025452355131725,0.5283941084415005,15000,True
0.9335234735617596,0.40092346511772964,0.6118096628279728,0.2561589388775078,1.4722045492657234,0.773791579896302,13000,True
0.9740780969672769,0.7833561905108489,0.6461005958282143,0.6196881249778683,1.6551854304821065,1.1336259235588744,18500,True
0.9343861800062575,0.5507801974397949,0.6156272667883469,0.51163845176018,1.2783894384299386,0.6716961105184551,15000,True
1.0042655713744286,0.49022319993797664,0.7557844996543615,0.3788689266533886,1.2845167140742093,0.595590924151993,7000,True
1.2417550298685367,0.6179837321338671,0.9695860101091909,0.5650203235763005,1.5426221478674291,0.7891448466395757,14000,True
0.9468423969004318,0.6556778961758775,0.5763297424536592,0.4120084470515611,1.5507303707238844,0.7155832078210072,8000,True
0.9299361546194261,0.6213588888041063,0.6901897743042522,0.4234951752953797,1.2839398430773776,0.5099127994939361,19000,True
0.8607771176211964,0.3812824985995868,0.5454627016417581,0.328575030262826,1.238322592804427,0.44650075022252295,20000,True
1.094312480070875,0.5706864987786736,0.7000451674555789,0.5679785711296641,1.5196583519081126,0.7940509367375211,5500,True
1.31346630309387,0.7550553094948471,0.9383806351149133,0.7236884834596691,1.6130285877455577,0.8976486399363987,19500,True
1.2159996786683382,0.6924266365625933,0.8233603461489786,0.6809231398388162,1.7290573423059452,1.084403388181298,10000,True
1.0675271459990812,0.8185479560624397,0.7946174329290976,0.41589785441039595,1.3625308066027633,0.7541677454589626,17500,True
1.3408251010787804,0.7183161189600935,0.9550932945923765,0.5968545975235924,1.7151705322205009,1.1850054252880156,8000,True
1.139609963371557,0.5747702476403131,0.7446021214115136,0.5195779760581688,1.5399156143371504,0.8821442701705933,17500,True
1.0059443823808778,0.28692332385822145,0.8031308332177688,0.4399052589583578,1.2190976048566518,0.4113133570998789,10500,True
1.2030122930270357,0.4791680233151358,0.6543051987552856,0.3186728683283183,1.489392389173756,0.7262927688906036,8500,True
1.3305352589855952,1.1392786860462558,0.7668864732850991,0.7159818141158096,1.829031728868972,1.3585926295541755,12500,True
1.217086279747448,0.6819605381840304,0.6282292907640847,0.3440429740481635,1.5378354824478464,0.8580874499622295,13000,True
1.0274580832614617,0.6788766565200717,0.6454666435026565,0.504455900666204,1.3529943556803663,0.6996991096526818,12500,True
0.6994029000336769,0.5250436381019055,0.29042099596876286,0.20853174685608056,1.1586059208912483,0.6056273571060335,14000,True
0.9140326004290079,0.7477557192112448,0.6825042061833887,0.4337012849587365,1.3108461739490413,0.46761035402971535,15000,True
1.122988619084641,0.47100434473910924,0.7058803440371839,0.4313673791058749,1.2705377455227567,0.6736808088628097,15000,True
0.9708266386225325,0.7272574884900755,0.7299825259890895,0.47401420045057435,1.3465118658289357,0.7138302742179219,13000,True
0.9621832425118394,0.525830487777678,0.5667881946380295,0.25642078995197143,1.4439254625998474,0.8367382506537893,12500,True
1.0734226170360812,0.5162924800286086,0.7168910297688771,0.3899099555556761,1.4612748458784348,0.7738055560532571,10000,True
0.9680984642569188,0.5719311907884147,0.5527243879046411,0.41513864923553034,1.4095630016153806,0.8024045600765182,12500,True
1.0386641893346669,0.5385737070686861,0.6376503704246199,0.39203462185345433,1.5740779927648452,0.8318976069454209,6500,True
1.300197643238052,0.909405413808552,0.897211463270476,0.6591915911276012,1.7480880462883905,1.0733586630516316,10000,True
0.8614524535797667,0.36203071998016123,0.43245372524012843,0.26549083607281154,1.5813398001545127,0.9383081880671882,10500,True
0.836358404446093,0.42309945488666634,0.46210964303779395,0.24421081883280377,1.3636562697253167,0.615646121296508,16500,True
1.1434853344535854,0.9239493848779189,1.0340770697678328,0.7943592423458619,1.5809116326011516,0.8618083969335328,22000,True
0.9547896259061424,0.6877182228539672,0.578545275410717,0.6318890861808929,1.5484550893404363,0.99575313266117,27500,True
0.8421754438993388,0.3250180459018256,0.5325376067663867,0.31824484158652294,1.383301498318149,0.7415539578461673,12000,True
1.1257941421794533,0.6115360409673796,0.7837841078843303,0.49616586036232985,1.484317873805822,0.8487604043832149,10500,True
1.0649877176493736,0.7878497459730192,0.6973889080447369,0.5707960177698761,1.601480910684753,1.1120417320470062,19500,True
0.8553278216960469,0.6542900885720077,0.429117842676635,0.486177229232798,1.4083150391404469,0.7736671654268001,10000,True
1.2129184815844691,0.6250393969536975,0.7199237952061862,0.40161900685227664,1.6978661674593645,1.112965624964706,12500,True
0.9408794403670742,0.7034592390290941,0.52879174710527,0.6859764472162306,1.3742915160808102,0.6212556996967044,11000,True
0.8768922869090786,0.5085046461349688,0.4085383228932004,0.27572900578353476,1.4769483493926188,0.8279212305285166,12500,True
1.1573107232094595,0.6943523448016605,0.752864986425821,0.5174019183789539,1.5940183242558785,1.0264340084069796,9500,True
1.1376479565751056,0.7067534554690704,0.9059891247849601,0.5819410973215253,1.4379461451633122,0.7061007567846853,10500,True
1.0894513352625665,0.7311596285374672,0.690473354156414,0.7718604964295099,1.6139371463701482,1.058062111268812,12000,True
1.0333282095614427,0.5703314286634248,0.7325315137299306,0.46619734651588307,1.4256791476547839,0.7765922563819534,14500,True
1.1044982812877204,1.0048671425690812,0.7563637666970804,0.6977622626581927,1.6167947950439798,0.9732464968727905,14000,True
1.114614289588269,0.7060994680956298,0.6876556258919477,0.45255253487242486,1.3836207888736767,0.8123318926145375,16000,True
1.2040549643017961,0.6289260777248926,0.8422332824405389,0.5091753255861413,1.6300792330231098,0.9218241762468714,9500,True
1.2383128146226061,0.8408810010246834,0.8770108642191735,0.6866505073197142,1.550932664424492,1.0097535536664932,14000,True
0.9771028587970726,0.5312775054409197,0.6578605216916017,0.6808050667768284,1.3791559325778893,0.7165667290522139,9000,True
0.7494897711452381,0.5527150382756334,0.5137775434635842,0.27892741928012,1.2150552833606485,0.57478710727792,9000,True
1.070348260673012,0.4003884588642334,0.608807963634171,0.38218229985070434,1.372799826281347,0.5742443631189057,12000,True
0.96074133160921,0.5839613997279609,0.49799948714499304,0.4370413925667166,1.5762818762782203,0.9998340517908741,15500,True
0.8779940211558123,0.8008262496525912,0.5041181592437968,0.5001059996514851,1.5384228423930695,0.9215009543473279,16000,True
1.172600212408884,0.590720570460102,0.8415378698531224,0.45916205966409673,1.398429829129091,0.6406713517643039,27500,True
0.8093850023086874,0.40670742412905736,0.4705531653774294,0.27306358524707275,1.2996020486773985,0.7815742003996207,13500,True
1.0554250950188433,0.48987037484086104,0.7480004576023738,0.4881974088658268,1.6071137662330683,0.9218106334403993,16500,True
1.0574756783107406,0.49858629040356717,0.7350673165961068,0.463417050799479,1.2534511806853292,0.595747002764742,11500,True
0.9551271507818909,0.4948806878528468,0.6091163951417803,0.5317540767005465,1.4510954689615776,0.6776345462635653,10000,True
0.9240886773610602,0.7552711773004531,0.3662070498556705,0.3326766627051162,1.5101969861039495,0.8848587389366168,9000,True
0.8603744236340418,0.47253785431937656,0.6311806291342922,0.599489538043654,1.364376339206721,0.7038080479568871,16500,True
0.9965767901716713,0.6686233791912387,0.617154189117411,0.6048047686724239,1.498304509467179,0.8306146427764497,14000,True
0.9156965972766657,0.6033901187034245,0.5171957482184167,0.41728325218823037,1.4832397056531865,0.7081285320304267,8000,True
1.1723369305707045,0.7223886361610599,0.890703019805809,0.5747669454160347,1.4721175959369552,0.7528367620755769,10500,True
1.1565459400214355,0.6769182077758218,0.6686378953188039,0.3832673259028292,1.5283323757838179,0.8534407961759267,10500,True
1.0941249594451947,0.7966672202830171,0.7940978911892169,0.4982656220260368,1.4444251186131412,0.7020931823985207,15000,True
0.9819709787410403,1.0274254804206226,0.6377935722202328,0.47945250091259917,1.522217003752914,0.89600923050114,7000,True
1.2532428366369608,0.4162842643315024,0.8808503671540557,0.3717762502958193,1.5520146677909459,0.6650060985167232,7000,True
0.9602604552141243,0.683422825292602,0.6720190552839475,0.4848582242981863,1.236659849030267,0.5751566567208812,15000,True
0.9033095928838267,0.7274259786386387,0.49807119905155545,0.46649836928238925,1.4733286994530306,0.5981616288775015,14500,True
1.3428992402655362,0.8553060332441925,1.1198769877958803,0.8008335353727355,1.6071694621468386,0.9141889227364246,19500,True
0.9627078762519823,0.5975150350749444,0.7617746286570612,0.843967922839043,1.416206305295612,0.602140218258171,8000,True
1.1990066732997637,0.8233529192623285,0.7843095401561234,0.45709701353915444,1.51787075399542,0.8397843480092599,13000,True
1.165895661956106,0.577338466900263,0.6858481544901153,0.4723632136032492,1.6779264559862517,1.0203589442176546,7500,True
0.8086465550689456,0.4791509774371281,0.5254241492181989,0.39177448092109496,1.3480615038526915,0.6689599234252233,12500,True
1.2389626590443448,0.7273448954100543,0.928566938198117,0.6204559561090208,1.5432059920778984,0.8376715767492726,11000,True
1.17596280108272,0.8484188629111631,0.8875801003123911,0.5098083400358927,1.5211743141902723,0.657640741763508,26500,True
1.0833172116795475,0.621907344907077,0.7528739943097175,0.3550755149357053,1.2913852513826634,0.6799631105544124,13000,True
1.1222514882249846,0.5460794072541344,0.7543236303827374,0.5879320259510885,1.5265738548373924,0.7095376028948563,6000,True
0.9126951995431375,0.436737131447293,0.5711401829386792,0.4312482436605403,1.350908995123882,0.6402484569522422,9500,True
1.0676350253780917,0.5778458532809031,0.6479421521325911,0.6034723537232465,1.6037553332503711,0.9731750682487695,9500,True
1.1185057168477734,0.502127076112892,0.5635851012371448,0.2937034500917507,1.6064821539679248,0.8279393934388101,10500,True
1.003869579305118,0.6996693391791613,0.7341317939813955,0.4402966141651434,1.426948821632611,0.8388663428843297,9000,True
1.0622203805169124,0.5977739489130837,0.6663617696871666,0.35179501993850115,1.2556112460884072,0.5309798910090555,16500,True
1.064061751933627,0.542936984813588,0.6295615293837981,0.40105988873069315,1.637470099053763,1.0219649307871357,10500,True
0.8107990695828307,0.6522177913900405,0.489192793850463,0.2990214704405693,1.2681100045931721,0.6675847529356098,13500,True
1.0567242790497582,0.5693107749062001,0.7021240635382174,0.6835840723707525,1.3273722700558932,0.7087226451766867,18000,True
0.7690851632530559,0.5846456160082213,0.6358658961580769,0.42585493225202337,1.1789342566884902,0.6685739184688668,12000,True
1.0629947776024167,0.6458963242668952,0.643889299689551,0.41878080349676405,1.542235557936245,0.6790453979209318,22500,True
0.9871542505133546,0.6690845634148856,0.6609947870618075,0.4503636162163954,1.1832390545047633,0.653620582744072,-1,False
0.8871967660325648,0.5013819010137206,0.5566368921465932,0.5123654405329339,1.3798712418396875,0.8094174106324327,21500,True
0.7472229640724947,0.5310834828423979,0.4283746996953745,0.323457229703306,1.3594077663416342,0.668237813824871,14000,True
1.0705196251432954,0.7958517280338797,0.743372854543841,0.6798750338871107,1.3662206831321848,0.6085753206897074,18500,True
1.2585467142602182,0.7664756011505756,0.898853620786578,0.6176046088579039,1.624785067584968,1.0169046656434375,10500,True
1.1466713107975495,0.5875235006738915,0.7692624752409863,0.4861522052182544,1.4783638603538083,0.7996130136273081,12000,True
1.296843265944032,0.7190848307075636,0.8713406494008867,0.6769679628882527,1.6769628461226238,1.1252390514158859,12000,True
1.09227326164163,0.6216691540555918,0.7225459262618413,0.4214993585423449,1.4374542819892493,0.573609554204543,10500,True
1.1229481671671608,0.5407391437597276,0.6826013777528972,0.36719309784980547,1.4209305886134294,0.732646217272876,17500,True
0.9544253800475089,0.6504876675879477,0.660425512535756,0.4992417160462791,1.2645935207187518,0.7650748574865717,12500,True
1.11755358281782,0.59523545478569,0.7442333704881688,0.4815136643045306,1.3481482360054977,0.7194100491810699,12500,True
1.0219582616877827,0.7235412451394887,0.5878138322793245,0.45925986340275665,1.5608042099427668,0.9668432377893372,1500,True
1.0811378980236614,0.7288584981024842,0.8288225116709816,0.5379114728729214,1.4090922668161334,0.5930573635304561,13500,True
0.9868279982650111,0.3507422799461611,0.7558186751623415,0.37850006507740297,1.3684398414474108,0.5194895911990611,7000,True
0.9193053647642848,0.8720937798431758,0.5269994299848721,0.6461639850458107,1.485383477330274,0.8699765417242556,11500,True
0.9227161536019156,0.5221469317279491,0.5545835830756315,0.3193193724309492,1.4907175826572858,0.703742516047808,22500,True
1.1673485857291162,0.6440709741534715,0.8329667550783045,0.5435416258824846,1.4592442159603416,0.818128774219566,16500,True
1.186088305473886,0.6022243371112823,0.7841530738899882,0.44792475634644363,1.3012533312760073,0.7543812497443478,11000,True
1.2776123784211868,0.9060872909058629,0.7966288714464832,0.5656081144166296,1.510557818565189,0.7749559379681246,16000,True
1.0254061059041972,0.40556907874054987,0.6683902979996242,0.47089014839566634,1.5841191218805295,0.8007034101199213,11500,True
0.9658980150630989,0.30491287429698577,0.46330540718332763,0.2269991580678898,1.5720607234460189,0.8944092007345044,5500,True
1.2592705263743562,0.5420310670898951,0.7562400318689416,0.46027053692624625,1.5751974255379164,0.9055087968564848,11000,True
1.0989423070690703,0.7827802437135688,0.6761464078801405,0.5023516052337941,1.6254004262276986,0.8269138640813994,20500,True
0.7151738221102082,0.5032687412787777,0.3933077071167606,0.27847019369713416,1.1999042953527648,0.47816659923404353,18000,True
0.9679616353232113,0.8846275753568189,0.7330258023820561,0.35662556298830045,1.3962037530991886,0.7797353363438532,14000,True
1.1742648557711297,0.6082946917418456,0.73904637086743,0.5440440027777231,1.416976145895001,0.8475372722240034,14500,True
1.1219560262195076,0.9713399837790234,0.7695632769013367,0.6934169812461974,1.5410187902662393,0.9506503087945182,13000,True
0.8245645207673603,0.5630123458703215,0.58549773793139,0.5199859811671139,1.3122427997713617,0.7838654435426844,18500,True
1.0161912981650985,0.5656830368017594,0.770373722031915,0.5716066557316596,1.287504184564563,0.7632455181799508,7500,True
1.1295342960930046,0.6321449531092586,0.8140908281439339,0.5167234157561843,1.456740045456037,0.872447232589155,18000,True
0.6879635384648953,0.37087714482189127,0.4195953344657469,0.2920055336246673,1.1681722576374052,0.6076475353420673,15500,True
1.0792809971409196,0.5135160787562636,0.662676167670434,0.4142007666495286,1.3549960869309818,0.7468228133313389,17500,True
0.9183154788038257,0.5022011743065465,0.5432176604968648,0.3239441366305677,1.3935159150495506,0.7297422216270804,18500,True
1.1056557183729623,0.4007999636937665,0.7395240334085312,0.3697552695923743,1.3349110402968318,0.5402711188584719,14000,True
1.1822310359337669,0.9415785326057005,0.9803913003044566,0.6963574917355136,1.4759112949062194,0.8634019717947092,17500,True
1.3065045013204388,0.9894567128164216,0.9998761314244679,0.8352049788957067,1.6861636838891016,1.159430015538125,14500,True
0.914967673602796,0.39491833783995195,0.6165362376024212,0.3861307767259981,1.4028871702822574,0.7517488994264809,9000,True
1.2717845610138165,0.7826400284539141,0.9162756396354006,0.8407918565960544,1.5944285822774384,0.9195665681526093,11000,True
0.9950339393562603,0.6596066340818131,0.575152745505323,0.4455235025664991,1.5751964591814194,0.9991669069435397,5500,True
0.9538354847817145,0.42230388708154243,0.6072811790036591,0.34724584858452945,1.5388969601016818,0.8982361412207805,20000,True
0.6541528144832482,0.3673791103906872,0.29005827720062116,0.21852431773860137,1.0777779834009562,0.464967976726366,16500,True
1.0958924798585883,0.5358588268156622,0.8334332061493965,0.6465282519051422,1.4054081755019296,0.5428290280081072,18500,True
0.9822501884716562,0.6560361720670543,0.6557366212242677,0.46563480146646585,1.42962795778579,0.8767804113616781,14500,True
0.7138934084227821,0.4524498053052088,0.5222307554148161,0.4048015156360991,1.1496643745210464,0.5763787028492167,20000,True
0.9039547599961558,0.5269490183779962,0.6725509124865096,0.4325648629547444,1.381106164995529,0.721986800631766,19500,True
0.8668680720204862,0.51070147185651,0.5517186082809369,0.4317455577734833,1.3465429928562294,0.7445115936344551,13500,True
1.0373391923505944,0.5593090457829925,0.6349325635702694,0.40242030277678603,1.6136303341792215,1.103037750627615,9500,True
0.9042786345575804,0.25602767783923,0.3207064412014364,0.20034774742526315,1.2736873573310044,0.5467931696443946,5500,True
0.8529890781045965,0.4625617272208194,0.5439020863222038,0.2548491555031757,1.3645408674122697,0.6950877819813052,10000,True
1.1934456992931988,0.5557958233454454,0.7940384540278831,0.5027980433647137,1.4914423934209922,0.7488052405317731,12500,True
1.308043954498038,0.6338371625411104,0.9264220583988195,0.5504809249501457,1.4770631104243048,0.7737633702357809,11000,True
1.3067429513953333,0.611245279468383,0.8735613200004916,0.7375648584618005,1.6055731740881871,0.7854846654763042,12500,True
1.1074385900440038,0.4989023928394739,0.8390343707255278,0.49011510723977053,1.3613802346877548,0.6371006290080334,9500,True
1.4524628376100577,0.7371151669621056,1.0923610608485557,0.7010800769494755,1.700153107552803,1.0345038438601533,10500,True
1.0559921363227325,0.3776092276122409,0.7098348298552891,0.3321824172048223,1.3734341720381626,0.5990393505937801,12000,True
1.0066106388030982,0.46464264419959034,0.4464375901934392,0.28291685538760836,1.5296284424699786,0.8161007773347327,14500,True
1.1587095800135851,0.6727904025029758,0.8261051704439231,0.5139858291350425,1.490591948883564,0.7704680788061651,14000,True
1.1521070305151084,0.9880939173865061,0.7304132224266607,0.6547832177345246,1.6501741933740228,0.9278161627352424,16000,True
1.1292923837816522,0.7286346506175361,0.777362753877992,0.4109999837519758,1.2004775343334553,0.6751636282210611,9500,True
1.1938015167257292,0.7195663877499866,0.810046408832486,0.6149079207911512,1.7827606374175544,1.1755518416368749,14000,True
1.0909408047284723,0.43855657228679495,0.6151528933943764,0.3957407874280049,1.3376356839960613,0.4997022112002875,9000,True
0.9408392486838805,0.4491007579939434,0.5496320850185109,0.31236872283240763,1.3831031180803328,0.6966091686935251,9000,True
1.2521686498576883,0.5826592815766065,0.9188900809468821,0.6084409228491154,1.505334427464739,0.8453964321004768,12000,True
0.915308499711078,0.3534319840129679,0.33043404729831577,0.36025005756789913,1.1820121109042605,0.4688081279341171,15500,True
1.071627640123721,0.6121082742108075,0.5891753920101831,0.32035130876442464,1.6222499451162722,0.8948039602973366,16000,True
0.8306414557015047,0.3698520325363621,0.7433588011877368,0.41861827345476516,1.1293170638489791,0.4565181597057597,27500,True
0.8749038557879566,0.4787792555065996,0.5268596703820697,0.46483124710607626,1.5297356892178062,0.9491482409213977,13500,True
1.0354647162592505,0.45567909622638986,0.6376199398228001,0.43007638525743175,1.4507449575875768,0.6366309224771742,16500,True
0.8915845261753824,0.4378524700894822,0.487688574172887,0.3245111621253466,1.3194803378243027,0.6994966117957537,11500,True
0.7731795821985601,0.4041198796820006,0.4457847288301535,0.21219545194900588,1.2534417005950327,0.544581319581393,10000,True
0.9421237905031858,0.3905681434623041,0.577044089526777,0.4441389914481254,1.1542788184584085,0.5113000683514443,9000,True
0.7503127907415914,0.3819671957485768,0.3753280439229959,0.22938741160252069,1.2049546492301864,0.46532309759196244,16500,True
0.8489753677295918,0.48824886921005595,0.5348760026869329,0.37987832357772766,1.4198598368721869,0.771495458681318,14000,True
0.7812474590181919,0.4696178291801754,0.6107032294026763,0.4246477472077013,1.2967012312048187,0.6148107229851019,8000,True
1.0010194935144874,0.5349296484235583,0.6718473874765736,0.5289232684195073,1.4292628848998328,0.7081632706030324,10500,True
1.044839089297717,0.686546121158513,0.7004221092683696,0.5326515400957438,1.5633769942724263,0.9476509666708436,10500,True
1.2647188601900317,0.8159108323885935,0.8794760913924116,0.6628800388202868,1.7641489675013524,1.1713610190744155,15000,True
1.1933155579314463,0.7503814620341626,0.7883958899278696,0.4351163458236621,1.5729722911464838,0.8817957824008912,7000,True
0.8949210600853624,0.7288638902278691,0.526364303178157,0.5295096083147294,1.434931569309667,0.7656337043184721,7000,True
0.9247162663223046,0.7422795270052344,0.47525762486274864,0.36508697158626197,1.4900178524602288,0.8250677235255333,15000,True
1.3254703413104443,0.7610391290208802,0.9744045767983438,0.6657931903945039,1.592057118944715,0.9846737486215502,14500,True
1.1242919345780498,0.49050422801656357,0.7109605838492897,0.32662148081954784,1.3707175271905496,0.698628280513558,19500,True
1.239321240403367,0.6868045343641975,0.9157301731885652,0.4881754574265803,1.5112441323783985,0.9109312641689259,8000,True
1.260093631430224,0.6391763146255093,0.8988634593641832,0.5187010176470558,1.3648029267411632,0.7666236598465239,13000,True
1.2013861140914723,0.7150288502352923,0.9301187288222583,0.7523692914658369,1.573963304238317,0.8414571875793853,7500,True
1.159785931193174,0.9921607610725671,0.6185079232441035,0.6493144215934328,1.6371832099302737,0.8884823921914216,12500,True
0.9689192846386971,0.4944347360764569,0.6342550755743904,0.5854232843861806,1.5328364557296186,0.7852122431818616,11000,True
0.9300118590946509,0.5665051845313672,0.5542347195446086,0.3842021887003886,1.452328547922239,0.7438349473022963,26500,True
0.7927570581426314,0.5526619189202178,0.5032039797060466,0.28773040348001744,1.3661953865906873,0.7230736646689019,13000,True
0.7730190130349087,0.7316951409692354,0.4814513481443267,0.48341584493481315,1.2812043901358192,0.5477783033815486,6000,True
0.6466106712278824,0.4002382375282754,0.26895657197561124,0.2765068511474857,1.0578686724160564,0.4754485602880087,9500,True
0.9220538556015712,0.6347401274370631,0.6156587505424836,0.4294161644034207,1.3046489443741165,0.7026278734207508,9500,True
1.1070845086297334,0.6452558638533656,0.8173237639963049,0.4907166440999916,1.6360866030330292,1.0210340088706402,10500,True
1.3311354374493038,0.9337252072032013,0.9898510268174399,0.7430604002443669,1.7145695672269547,1.1214809104326429,9000,True
1.321638115030097,1.026898744300484,1.115028184276368,0.7816673991592602,1.7091324070305727,0.9445076455572089,16500,True
1.0708077864212726,0.6085530845349723,0.7891310158844921,0.4715296794269808,1.3238698181000976,0.6765676552468146,10500,True
1.1471986299688868,0.7417884713354125,0.6783599749524988,0.47733776591142346,1.6341216271220593,0.9843869661396356,13500,True
1.317617281064254,0.7223622947838649,0.9454814173568074,0.6858412522061961,1.5753326921949533,0.8961518296113884,18000,True
1.1729725727732887,0.5768356121708653,0.8131163119993094,0.4805491876547581,1.4629664454918299,0.890294834689596,12000,True
0.9241056164212512,0.6449311069279788,0.6690022032646605,0.39302149294086053,1.2980820002560516,0.735473395996923,22500,True
0.9892309605052699,0.5638600598164424,0.6713848343069567,0.6895048832040824,1.3457961238804472,0.6930223890995703,-1,False
1.1422419655294043,0.6677975215249824,0.7290667752845669,0.6563778929152746,1.4916994460729807,0.8339493704671859,21500,True
1.1898737089721019,0.6058390682552565,0.7838914893804954,0.46152206751555835,1.550698103548805,0.9885069459321555,14000,True
0.6985469675926007,0.4145688158527745,0.4746326445582134,0.30070359424173376,1.1848000721647074,0.5410864524657384,18500,True
1.1170259165399254,0.6824947229026479,0.8103427011972623,0.6196854072876152,1.3872327793543935,0.8418984604004005,10500,True
1.0539656849962253,0.4695189819514226,0.6560776134060119,0.5905225688189412,1.5165023291519233,0.6395207591933847,12000,True
0.7299431370045018,0.6006594669101423,0.40885049218254493,0.6683354115049974,1.2976641230319537,0.6196163285724896,12000,True
1.2373225677264768,0.8427231284994279,0.8489820701406238,0.6566899401551461,1.5769968235517562,0.9692336546059095,10500,True
0.7608776659343156,0.36874863600032026,0.4712525740344606,0.2134811909767508,1.2875222492216452,0.6227904063638494,17500,True
1.118998775240346,0.4006231724452549,0.5216968939266919,0.3078391064773623,1.6452538916526531,0.8126564060466596,12500,True
1.163341824641336,0.7067465694366797,0.8547956831404554,0.5279184392971503,1.3213413793178552,0.691651088336366,12500,True
1.0927403269282792,0.5167744536718517,0.8813365882234678,0.6609765579623244,1.470430440134715,0.6345311095159641,1500,True
1.196703993077861,0.7227557834074745,0.8444770931667559,0.46949334572808304,1.4091920880044468,0.532342584603615,13500,True
1.1140924419282077,0.6090776394042792,0.6915256388659021,0.4113748117392159,1.3416768176734517,0.5303391698187642,7000,True
0.9665396783926458,0.4476290849246706,0.6404584352226811,0.34661850835493024,1.455298154607767,0.6862436223683909,11500,True
1.1476475490924642,0.7720943094899909,0.6021194046009579,0.6434198818116983,1.4847725896511323,0.9413963069130953,22500,True
1.0964992063628827,0.755323872838277,0.730359133547623,0.45375843919829045,1.42195382543127,0.7694996980818867,16500,True
1.0162398834306423,0.7048081504447883,0.587296402331325,0.46350164863522336,1.5397039413506393,0.9507892024577055,11000,True
1.1065260381579023,0.5606936447460869,0.8544594629222712,0.48020283745357356,1.3836178504053138,0.7364494727460479,16000,True
1.0773808200200599,0.6110791390608525,0.8494324106959128,0.6309015649665198,1.484982281905826,0.7427077414122825,11500,True
0.9299492506115553,0.2960520943789655,0.5441685345239899,0.26925853768537594,1.2911056013402784,0.4764808858546052,5500,True
0.8848430536535565,0.42871331680981406,0.48817154004215435,0.468773435110856,1.4362060962315992,0.761468953975144,11000,True
0.8292419797855065,0.46448966354369675,0.5641850351738709,0.45939230654360563,1.2865882062862266,0.6363030241522822,20500,True
1.1593038240178801,0.744189426486771,0.7332632308532905,0.7203293816835515,1.5848255935433906,0.8895316158818998,18000,True
1.1533317261996738,0.7546857785570856,0.7127485871590413,0.4718622789637045,1.4882560720378795,0.8261752360469188,14000,True
0.7484017202280658,0.5236076873968336,0.24790828415861552,0.20836307546848426,1.2573046250966513,0.5723355268815715,14500,True
1.0292845122851113,0.8455579002940652,0.6158154426519652,0.5963614455353279,1.5660690505967079,0.9120873363752454,13000,True
0.8521545670608756,0.4140803469594683,0.5192428411196401,0.42003129636688813,1.469879188675525,0.7698510658350899,18500,True
0.8741499415230297,0.38737494453646304,0.5282893541551822,0.37449964976766614,1.3106476533766254,0.6036010085363732,7500,True
0.9228467741313039,0.45820589855779703,0.523440432283221,0.40974560144801014,1.3494925243192921,0.6768571396382665,18000,True
1.1236440650865207,0.6903500169262874,0.8041851184613,0.6788426431132738,1.5998032125547768,1.0066938771685106,15500,True
0.8765224480970927,0.4993124347685505,0.5561284111450403,0.4648907553051157,1.362237407777857,0.5789248331071604,17500,True
0.9889276776930032,0.7352365237967684,0.7718598987737036,0.46038416497322127,1.3417298478149708,0.5962297439881598,18500,True
1.1269246510403697,0.528635263895397,0.788298837677389,0.506123414972124,1.3443697756107802,0.6213028103652183,14000,True
0.9686220211017036,0.6091572113389053,0.697369002400862,0.4471499469106443,1.4039869541729322,0.7623512255428457,17500,True
1.0597596290629916,0.5815261564999122,0.6997353775618468,0.5455733593656332,1.6617241473243618,1.131191020728265,14500,True
1.1257346854027301,0.419893893698072,0.6880787939525763,0.2906112722546779,1.661429842897371,0.8739995210187643,9000,True
1.211467968258224,0.7775183784460857,0.7985873916668921,0.45424233442038914,1.3530227796434282,0.63192454467067,11000,True
0.8191002839928648,0.4070123886269007,0.5428399586202771,0.34328229011236,1.3193863592080326,0.7018520251179934,5500,True
1.281950325089297,1.2187525023681047,0.9054460128752253,0.8753182955302733,1.6888879725305355,1.1975427672303907,20000,True
0.8341604977661763,0.4776556015314429,0.5008654170667761,0.3464168990435271,1.2322680897703977,0.5054162584177783,16500,True
1.001504010719407,0.5672095333467854,0.7184397836156305,0.7564339815918859,1.4334978565265628,0.7528521180417149,18500,True
0.954308761422169,0.6302969028347829,0.6353841663762212,0.38986228715020593,1.4352259877526883,0.7497261602284654,14500,True
0.887583739022202,0.4270320229772564,0.5578372253432284,0.7201466510817448,1.2622200777078374,0.5658585378327844,20000,True
1.0597460903166427,0.8845015863162567,0.6241827553498727,0.6507894967004653,1.641890121242645,0.9185964542593996,19500,True
1.1386544135054033,0.7380721535800434,0.7344627224635559,0.5400429683877022,1.5906587337620721,1.0286979490975952,13500,True
0.9568879084503926,0.4760917000186467,0.6072383890901105,0.3937205298929222,1.467557641312774,0.7592329800539714,9500,True
0.9475028682246929,0.43018491910443735,0.6860606156575089,0.4230186851676894,1.3913653113817095,0.7621863881932495,5500,True
1.1803361297548514,0.5415661779852888,0.7648308691662793,0.4000166555680915,1.2299609003579313,0.5875165860634513,10000,True
1.1638735569184877,0.4231747563710919,0.7238947579034749,0.5848179931084996,1.2797512124321506,0.589012097457438,12500,True
0.9832358388469306,0.40420393138548116,0.5686984265801247,0.3519231154555418,1.5752436402009558,0.9372775024950338,11000,True
0.933613470842343,0.36715272558816264,0.6249225838734789,0.32776246054783376,1.422571484609858,0.6875232618289915,12500,True
1.0672327627288463,0.5782000712211256,0.7602979429394383,0.49482862354190515,1.365586837104335,0.6113833581187784,9500,True
0.9532744646905557,0.3870212284504613,0.5898608401471315,0.2743385631657339,1.3815491833823699,0.7082456278168346,10500,True
0.6814982759582642,0.27604041979167837,0.3385682882450068,0.1988093630487085,1.1595544041853096,0.5026314290922489,12000,True
1.1865442511088873,0.7083328055514626,0.7746977401792254,0.4688303843144707,1.4726202318802384,0.6841329497707658,14500,True
1.0667389392003557,0.9791137737538617,0.7334164300978843,0.5518109972205522,1.3908195001829637,0.8673050309754958,14000,True
1.0949144006045095,0.7343854850137683,0.725639234456949,0.6285359224820479,1.497650888797286,0.6893709222320054,16000,True
1.3623134756824837,1.0417966684656548,0.9281963230854553,0.5492795397293067,1.592561578008997,0.8993857758689685,9500,True
0.8854833824090735,0.4055388047757831,0.5112679424547603,0.2687202941723228,1.461614944850212,0.6511781549073863,14000,True
1.028019030807223,0.9237406259760238,0.5870956991887047,0.43359341449019323,1.450480250371731,0.753210271244443,9000,True
1.2186259205296655,0.6427736579356822,0.7300747791300171,0.5163911753429185,1.6830950738617163,0.9089162429633751,9000,True
0.9996807763896777,0.6113167507303332,0.5348530572308982,0.3708471129519987,1.527742173722684,0.8795962808203714,12000,True
1.1219393957543466,0.528863106273645,0.7551224242137191,0.4899047648260342,1.5245994905361688,0.8687703867070163,15500,True
0.889357135114413,0.3962244370491208,0.6142831700887775,0.36563775883963223,1.4173083047104102,0.7470987766373909,16000,True
1.0499497771323845,0.4730731083078967,0.6422911096235764,0.43028820329670303,1.5577755771937896,0.7284318796667959,27500,True
1.2175325129650352,0.6245777944490867,0.8714792549998787,0.4592858279752509,1.5730540629143699,0.8883421506872948,13500,True
0.9555255953051711,0.6567939922916352,0.5859680059928664,0.6185130842557538,1.5362676993746134,0.7968908450448074,16500,True
0.843298268154609,0.38197952162113913,0.45055429438459216,0.20741050873049788,1.4382194921812925,0.7360046497062767,11500,True
0.9064715225409493,0.3200725525291293,0.5135654662363976,0.20907811622709724,1.4304660944285932,0.6365138983664074,10000,True
1.0843505847448347,0.7108972807020281,0.6625649769562142,0.6829350018745586,1.516746922610337,0.87799793582451,9000,True
1.3239884131262087,0.6822906563793795,0.8881273718281735,0.5275576616359219,1.8111927667351955,1.213887739862243,16500,True
0.8075680256836362,0.5895696301498291,0.3637424262305219,0.2955397095600913,1.3273042908081356,0.6107837769405037,14000,True
0.9969666077848727,0.6051802446273183,0.6293283427561894,0.37766694737419404,1.4920471207876653,0.9145568941950502,8000,True
1.1142107195520623,0.6521909441053226,0.6713416464544792,0.36300040144223517,1.4264757701126105,0.6626921154372152,10500,True
1.0635175353964124,0.3499282077871183,0.6683676898983563,0.34807053904121116,1.70462642178468,1.0305150958733091,10500,True
0.8090686229504547,0.39261283491895166,0.4264639550021728,0.21334786880455325,1.2196604717611585,0.36021357407576715,15000,True
1.002812932747446,0.5443747690669327,0.5028523757507193,0.2764950166985908,1.4797129261617818,0.78744199429739,7000,True
0.956342689645792,0.6747032754989889,0.6838039756166978,0.870370388408896,1.4112792414432624,0.8147095808212694,7000,True
0.6500711654813374,0.2977509687625888,0.38542148255802394,0.291479140566507,1.0352571620272235,0.3908597712844499,15000,True
0.922291187074987,0.49133654296314655,0.561001389843927,0.3789618219302622,1.5075713023318587,0.9272537859271518,14500,True
0.9878604992105953,0.7626465447583735,0.7085399925426424,0.5892939792243895,1.2467726643220234,0.4911426434609134,19500,True
1.1848833401639356,0.9560944108439827,0.6697755493236464,0.6928350881607586,1.8247472023403035,1.23695377731517,8000,True
1.2169527693595954,0.8860686453774334,0.6777242821799438,0.37670605017104447,1.5172408063545988,0.7956982452065986,13000,True
1.031804167509049,0.6559365356101993,0.7231102725159358,0.46739396403816413,1.5046617810026082,0.8467889119429484,7500,True
0.8613743401580861,0.4176325033315204,0.4833380126116831,0.41653774346923067,1.3734337581414073,0.8483206836383876,12500,True
1.2658584746844748,0.9314817250283446,0.9914538047210033,0.8374424225757797,1.702519327803209,0.9129496091599987,11000,True
0.6759329768745093,0.39033884995886053,0.42524951395088895,0.40527539794967793,1.1443639605633038,0.42659443500947924,26500,True
1.1581367414013832,0.579889539998605,0.7489215441890602,0.36415170491694,1.6022342124223243,0.8988300813528287,13000,True
1.107008761567534,0.35053797440718926,0.6255609580295081,0.31190986754826805,1.217822611213618,0.3983057834823655,6000,True
0.7662914638945812,0.8764536718490593,0.48407323161469773,0.594147346780157,1.3551503362775916,0.5229663669710259,9500,True
1.106796669688132,0.6425964709199481,0.6972042967825227,0.4654970004714161,1.5120148371321227,0.8658894082753757,9500,True
1.0595458520874201,0.6341494155039991,0.6381304665799216,0.5777893214057632,1.4996995639737205,0.6079825433257715,10500,True
0.9740979440863602,0.7269859744960004,0.35082177071641935,0.428126031236586,1.518033353658599,0.9077137877055895,9000,True
1.292729596978808,0.6500565426669895,0.9457769041762825,0.8901835312256874,1.6015844460853663,0.8374855115208191,16500,True
0.6943328603786126,0.19081227628325242,0.2737293003945975,0.18764340362579002,1.1124889942777623,0.5217324862511027,10500,True
1.3455691791111255,0.9269745156022535,0.8659698240352944,0.514032109349746,1.5399844368963522,0.9486938806059507,13500,True
0.8379945879005485,0.6081633098847413,0.5394634416801523,0.5095496973707411,1.2773690052831357,0.6172161833586689,18000,True
1.0148974879751538,0.8502537086055102,0.6009186944488107,0.4681948348714929,1.6070413736939058,0.9545424305092631,12000,True
1.1018816387798989,0.5303375266435011,0.4977098657291251,0.34198124601068164,1.6201862109691896,0.8957599786075658,22500,True
1.0981762469520737,0.7206480370976351,0.8550713416225254,0.44225266851524786,1.387353330135365,0.6929611316640645,-1,False
0.7642114109249968,0.3533375060142135,0.37598733835481,0.24730844883872985,1.238175113747139,0.5204676859741086,21500,True
0.9260898401464409,0.41358949002457956,0.5685576711916889,0.32027114784692595,1.4781435406411172,0.7490033614520246,14000,True
1.1820614953129105,0.4309114367554767,0.7836692600870906,0.4235642236499203,1.6305257628222443,0.9344731065004167,18500,True
1.1432523646969077,0.6642160927621735,0.7169109516433136,0.6375674793186076,1.4376750528852291,0.745638419592839,10500,True
1.0379191985126277,0.560227908503386,0.614824919060679,0.3511347461153202,1.4693909090424029,0.7964477997419444,12000,True
0.8345907437949293,0.34563745993808487,0.3766798778407156,0.23361479044946964,1.2517044070681203,0.6376384237105923,12000,True
1.3549908300442846,0.7814726951450357,1.0254375181701085,0.6425704115146392,1.5769148556406425,0.906877846278375,10500,True
0.8976652406624843,0.4476792655897983,0.5134133986708678,0.35797257826395196,1.4204634276042527,0.6848440781719561,17500,True
0.9728584867415969,0.444094807828763,0.5886806515650769,0.4357031773935667,1.3117602564956201,0.5415757943331855,12500,True
1.0556927359152035,0.6774722144420977,0.697451955466554,0.544766004324444,1.5264982383085737,0.851258254668664,12500,True
1.1761687511550263,0.630369723133584,0.760920386600023,0.4653893663783354,1.6858846690902873,0.986896689160291,1500,True
0.98804458331899,0.6102745603417709,0.6714426226170989,0.4707931219102062,1.5463095338937909,0.8335422747542203,13500,True
1.1712412464091992,0.7471724591876854,0.8842385733721887,0.6448660200728142,1.4820917074603839,0.7481361410304214,7000,True
0.9695693992898485,0.40769246908353246,0.6271227585851592,0.39283533615719385,1.459318058074964,0.7122170005003121,11500,True
1.1031593607450336,0.6725446407223992,0.7350279465196015,0.4098395406996388,1.449238019313076,0.8284570714682794,22500,True
1.0397851001300829,0.5749118962398075,0.6251352044810005,0.417648587962691,1.5941777369241705,0.9594906709153073,16500,True
0.9732155764464469,0.464346652281793,0.5697847579528474,0.3164423232035404,1.5729674377559835,0.9059421790710455,11000,True
1.124303177747592,0.8406257498601474,0.7723206387457019,0.5294888678793246,1.46785372357699,0.8017626725547805,16000,True
0.6845276955039566,0.3891981961835857,0.39091860334099543,0.33078191075038815,1.1472831973897837,0.5287371403331134,11500,True
1.097945731513997,0.8484473152482361,0.7721514830969815,0.7087030117545285,1.5592346983009908,0.9966518896989625,5500,True
0.9766944495076266,0.5586525066758696,0.6671881398772087,0.4327481525873338,1.3703790344629558,0.6850363818715024,11000,True
0.6719309693686664,0.46787753770266644,0.34899983465088386,0.33571627868781023,1.2931768899300107,0.7645576996475786,20500,True
0.7260751446748142,0.3309243271636927,0.35322016032776543,0.23977318864380573,1.2242026921267402,0.5433494097291803,18000,True
1.1144707904617814,0.3535455226105466,0.6968452828790929,0.2684263845813405,1.387551240954177,0.6507153610073724,14000,True
0.9626094950196815,0.4721376901174522,0.5945781681702156,0.42071229731664767,1.1568821144580397,0.5009101963578743,14500,True
1.115628262256371,0.44910693963687137,0.7359865050348686,0.3107967966957793,1.4367083327033288,0.622455143450207,13000,True
1.1250275433129167,0.8743088407460298,0.8101187353874989,0.6582284934166687,1.6109588987643852,0.9808702230067292,18500,True
0.8936168057892738,0.5316319900031373,0.5136489663442275,0.3080684665977004,1.567707953793611,0.9500907897751748,7500,True
0.8577846988913251,0.3826254467400292,0.5485165805694019,0.33111541632586355,1.3339376683929978,0.5462047831900831,18000,True
0.8876396330787332,0.3318671656150633,0.32656240136967324,0.2507117956714814,1.1436589194645606,0.49146369357639175,15500,True
0.8657397005588686,0.690507987530522,0.45545650409087624,0.2502227508759827,1.3540092169436315,0.7034293341192722,17500,True
0.9109560087289608,0.46605973701922604,0.6047061628647182,0.4357318859644123,1.1760772094612026,0.4470511680191353,18500,True
1.2989867657897372,0.818082337142434,0.8471981015063822,0.7023007549012631,1.510834909036419,0.8700127529878559,14000,True
0.7210580870650667,0.3607935948395451,0.29615628776175,0.2844707514274263,1.4405652860392295,0.6864097633142147,17500,True
0.8374148928445769,0.34646828254174744,0.5076963273777917,0.3696663878882752,1.4290521275365653,0.6495874057172705,14500,True
0.9346670376724553,0.39247063750698263,0.6287004593708068,0.4197298210027011,1.1103617405136799,0.4729741586748782,9000,True
1.0280900658524519,0.8080242613639832,0.5784415133005213,0.363100023545868,1.5619804121119816,0.924824610261032,11000,True
1.1581601752885384,0.6879347662190054,0.7029111289413659,0.5855451377262976,1.6473659033921009,0.8777585431337896,5500,True
1.1076366981178678,0.7958389199848172,0.7454837868088067,0.610336759173429,1.4768279139132021,0.9458778321014216,20000,True
0.9092336107303213,0.463683353234889,0.5519886734410436,0.2565823571362323,1.434332646928186,0.748889541943042,16500,True
1.2965582578911672,0.6436058103170383,0.9233883928033273,0.6243619497308682,1.5819947759212103,0.9425595953920035,18500,True
1.2483668327440312,1.0069644454789306,0.9828914492180914,0.5146674223459775,1.543625339858717,0.8014371034854748,14500,True
1.0438214068241272,0.6314596438521034,0.6866302188197905,0.45297418282922597,1.5535956449698685,0.8547306351222661,20000,True
1.114144063101108,0.40464247454928054,0.7259017143385184,0.5343652748993359,1.2510018446711988,0.4619287570095383,19500,True
0.9275557034609387,0.4521411033239041,0.6466103308290148,0.4699330274591474,1.4840309041532893,0.698070451804225,13500,True
0.9103057246716665,0.6460410163372399,0.6066140211959726,0.5248450895288171,1.4045260634019396,0.601864613418586,9500,True
0.7502151344870118,0.45605709269401645,0.48828988927944716,0.2763199337851162,1.2621725287235392,0.6752516708613114,5500,True
1.057623899053378,0.7021178159316123,0.47466707603825803,0.4041670741941554,1.487287529932317,0.7906682369405882,10000,True
0.9977764589728458,0.43161976952040637,0.6433229506145198,0.29461885481462147,1.5866431949246607,0.8999963425202137,12500,True
1.1843891658579686,0.5904056007807927,0.8724739374250625,0.41614288320157294,1.5066206731157352,0.7563884742449005,11000,True
1.0285144160225572,0.5421936644396693,0.6646659645770882,0.415208234146543,1.6429374112569517,0.9714935381616465,12500,True
1.0024968885212844,0.4776670660947315,0.5171841074449557,0.19928711642070132,1.232517599381173,0.6448395373704632,9500,True
1.1521831942024183,0.5293327974083295,0.7235597595380132,0.41839523059295625,1.6104452047209736,0.8239844596115935,10500,True
1.0218496625978002,0.702285204459853,0.7156410717865765,0.49312237364963757,1.5196861023192747,0.9844761214224125,12000,True
1.0218589029781076,0.8715950490725319,0.701649247744161,0.6522910177059008,1.5385866186583534,0.8626229591877124,14500,True
1.0957284536952387,0.7114370635956404,0.6855721587981473,0.4171926029028234,1.4492838663236483,0.6234016378231786,14000,True
1.1616914980933548,0.5536263163078912,0.8268705317501032,0.5983327788023359,1.5495835309995405,0.7672136950634372,16000,True
0.9538916411938554,0.6133795093714265,0.4863398761663371,0.36091941549892076,1.5699807481152828,1.0084539329265443,9500,True
1.1417092160992965,0.6354280683166036,0.7749610813951628,0.480467591475118,1.4263161513035343,0.9152206303173198,14000,True
0.9327271224868151,0.7431226593366106,0.5906205909937028,0.4504819476142004,1.4090770404776813,0.6259035702901303,9000,True
1.1716137152562558,0.38487356689085694,0.7397819970935826,0.3050550887177041,1.2822171490355727,0.5696520309028154,9000,True
0.8531201743232165,0.4645836992554474,0.5676079717205257,0.35194799978859176,1.4568907544009686,0.8518541999351159,12000,True
1.2084352409715,0.662681293934796,0.7941057046506154,0.7230565868129185,1.6649964291071002,1.0507219991214678,15500,True
1.0071342357092288,0.49287816348192026,0.5660898285186138,0.43892423591831436,1.6144757473104572,1.0087445879247994,16000,True
1.0276163827301672,0.6023396536973987,0.7538740039291261,0.6485229796274694,1.5168001575293621,0.9302169611013353,27500,True
1.2355410672354707,0.6781300553058928,0.8540878880433195,0.47794227361618286,1.7100211202176117,1.1422921992488757,13500,True
1.2063316277809353,0.4240374137130995,0.8274740955572735,0.5422848713776545,1.3521043761551756,0.4550118956599015,16500,True
0.9588163883835277,0.7592817166224357,0.6750539831916046,0.7253194062582197,1.3620851321706218,0.75984438444525,11500,True
1.1440954775654288,0.9415355049325953,0.7685131362903073,0.439727064072133,1.6256818534289044,1.007966008211255,10000,True
0.7911464986572783,0.5166134857122436,0.6240403963759388,0.4508489607962949,0.9041975427350231,0.31008592390248346,9000,True
1.2517746128064382,0.7153097566029387,0.9577099334786634,0.5241342273722704,1.4655494260239186,0.8253224100919443,16500,True
1.0832379706536897,0.6049411657964596,0.9453615949299274,0.48524485385898614,1.3627622727302402,0.7754233919875311,14000,True
0.8670920395722113,0.6282856880572839,0.5645704311230672,0.6373989426849781,1.3875500961958065,0.717070941422034,8000,True
0.7331115406027089,0.3512810186655076,0.4454717673606113,0.25489688030182256,1.1405488521033356,0.399504831325579,10500,True
1.0631747456664966,0.5839217961642824,0.8510493919557987,0.48568260223015397,1.38565600936034,0.822253142137584,10500,True
1.2580126135386949,0.5952957803817052,0.9464628469429792,0.5126404792769181,1.534280340360909,0.8987870522617437,15000,True
1.295140781026355,0.8452368872142473,0.978747230968673,0.8354546714002502,1.7470638097660967,1.1228945364452108,7000,True
1.304898392564175,0.7056130476945223,0.8622044508135815,0.4708240291095825,1.664911394238347,1.1552743163236012,7000,True
0.7246217461863919,0.45404496567446806,0.5660354482817683,0.42740080905371053,0.9848027795371852,0.5145314118971521,15000,True
1.1907724633218686,0.658543537155413,0.7117294315889086,0.5466747570599029,1.767181822254026,1.0623858870666676,14500,True
0.9597789371609077,0.4091422851826151,0.6235979294906699,0.4723084310000745,1.1228406362710015,0.554238283216006,19500,True
1.1958968014738856,0.5689694626571152,0.8455872850636459,0.5438534014883707,1.699332974698479,1.103769484992416,8000,True
0.7274117999415537,0.5986262010460089,0.44431005016229946,0.39133675651747307,1.2195923503550186,0.5465505847159261,13000,True
1.1138375018639948,0.483163599051963,0.6523750712153302,0.5592305601081711,1.2014261643607769,0.5106111595871936,7500,True
1.190171512383412,0.6176949486751195,0.686867023039647,0.46926362139426153,1.5774135396546396,0.8501185321448448,12500,True
1.3431495315663982,0.7013659831218174,1.0010607423029851,0.7586356741728205,1.5723075721392592,0.9992476965538678,11000,True
1.0109478055909624,0.8169976170738719,0.649245247142597,0.39769335911356846,1.318222600208305,0.5996900397475123,26500,True
0.8750700767258789,0.5149829772187007,0.6245086395964607,0.5696030018509317,1.328707952870653,0.5973032558049054,13000,True
1.0504223157363382,0.7581413622422541,0.7659516753077477,0.40204485632967496,1.2774627819886468,0.6703882876017502,6000,True
0.9861057896028548,0.7956382273585794,0.5677195345008963,0.32893504244461536,1.5058021326654716,0.707152290947261,9500,True
1.1226124333139034,0.550685252091529,0.7160438460981671,0.4590843168972505,1.569253072721237,0.9182652710832226,9500,True
1.1992222801320462,0.8248680578880384,0.8086106535490346,0.48176161768314246,1.6098011110224373,0.9200749069210836,10500,True
0.8746650670251206,0.35292922303153323,0.329727637188973,0.3305741362709278,1.2814225914257806,0.6735173700766898,9000,True
0.8580487224932952,0.3956816647059747,0.46608598403751234,0.41161288718281547,1.3463064681686572,0.5797548742068632,16500,True
1.379826902703445,1.1067330932509456,1.1540170809311086,0.8107123012575318,1.6908431287226107,0.9942617798537554,10500,True
1.0316387865120538,0.532497071429837,0.6076360885466284,0.342881112625303,1.62588855334939,0.9797655305100322,13500,True
1.221755538347485,0.5843273220162329,0.8140599544177588,0.7770469699371707,1.6186024473767004,0.8508320245838119,18000,True
1.0924672943037066,0.5864571866532728,0.6873789481143053,0.6579228462755078,1.574180053562123,0.9099250521280466,12000,True
1.31078742319538,0.8176940138388689,0.916643558755465,0.568273790884803,1.6828145104522403,1.0541600658247217,22500,True
0.7914613006736884,0.4464092335742666,0.5135542449255103,0.3489063904498928,1.2760770159768446,0.5840522013261022,-1,False
1.1631832972178242,1.0070983232326565,0.7331837146808989,0.6730755626307471,1.6619727610887023,1.0000162872012055,21500,True
0.998511529547817,0.4913621925114542,0.8762300580923897,0.6821647759386192,1.2695112318015547,0.5619387520115089,14000,True
1.4383302212455868,0.8023293560515412,1.1078766477274902,0.5866220990363206,1.6490475083573721,1.0916686587747275,18500,True
0.8077791392576663,0.4845465682754755,0.35002044293594636,0.40559781866583744,1.417051663103176,0.6140340501856951,10500,True
0.9034143360909553,0.7309667028687858,0.556342054322266,0.37297720738551743,1.4977146948743976,0.7734787267350647,12000,True
1.163384725768247,0.8979494362392023,0.6079734577949051,0.38183924733237445,1.413003108323645,0.6411255178887956,12000,True
1.1629974785336519,0.8012621306371452,0.7500572384447578,0.5739989615161064,1.288193993229013,0.6628094389938743,10500,True
1.2937413405592444,0.7266241901111243,0.9261188635023975,0.6283333604914564,1.6202163787769175,0.929159483771449,17500,True
1.0103718787309626,0.8360607762423854,0.6726565228759508,0.5801634792484255,1.5503352334562375,0.8652924592835036,12500,True
1.214947537336937,0.6713303819413179,0.7830721991669786,0.5243547856121218,1.528581771694503,0.7964855524875345,12500,True
1.2425174398045187,0.6134264743560115,0.8408741494755372,0.5160791574027841,1.510431335169756,0.876887924867148,1500,True
1.0404203439490696,0.6805884949626902,0.7122294878633005,0.7042957237842503,1.39813959085363,0.729252955571213,13500,True
0.7223411329863081,0.3634736869167349,0.4030736777026535,0.26584183814354,1.2465421033545272,0.48213314818005754,7000,True
1.048650584054635,0.5230719421538791,0.6709345914741522,0.4694214201798784,1.5027135777836158,0.8823428839589982,11500,True
1.15865933478889,0.7328438405361123,0.7871938982326574,0.6610905484802289,1.5450018094198619,0.8800214288487724,22500,True
1.1084206795933564,0.7336428998085657,0.6733011584748233,0.4603717189150089,1.383958209148929,0.7442564130206799,16500,True
1.2302994893250683,0.5864617284877188,0.9780734953783263,0.4354860742223609,1.6275140199660094,0.8863267917954212,11000,True
0.870381312346513,0.3681227440619473,0.577396183275266,0.20751283117736338,1.365985978154306,0.7499958744392704,16000,True
1.1827748837507146,0.8665702418793343,0.7840816558060175,0.5546921936426871,1.7649653942939083,1.1767399985626825,11500,True
1.0867253904782763,0.5900263647203559,0.7103227000123815,0.5143513735407592,1.4538555500226602,0.8039141571482817,5500,True
0.9302208475146186,0.6598881279701363,0.5721188747152578,0.42115906429873484,1.4257271495984905,0.756883480842604,11000,True
0.840042751544619,0.6108135702141609,0.4905184592189917,0.36633467335910086,0.9906252409373946,0.6424620437961401,20500,True
0.993033523095069,0.4714635728707431,0.5312481156865887,0.4357727715349181,1.3363175161184393,0.5875599021514061,18000,True
0.9878441478143869,0.3366391185226005,0.45461911150835066,0.40891864168027636,1.4884752766423897,0.9200569411032425,14000,True
1.1694318069918026,0.6264251931037584,0.8159972498288496,0.5187753058036132,1.4347352463530767,0.7589144452441454,14500,True
0.9642965691602728,0.4739470220626912,0.6142928509265835,0.4081996490722007,1.471817178152545,0.8159679079621618,13000,True
0.8591159193123321,0.4666228542020701,0.4265861106137965,0.341107398093091,1.397644485748395,0.7386233611151113,18500,True
0.8858242159216445,0.39205612653299227,0.3652148396633292,0.39966010514304806,1.322014725075666,0.6584224403761751,7500,True
1.2419680460830227,0.5359356363850819,0.8479090116438286,0.4639619046102679,1.6484025290192723,1.0255349668160594,18000,True
1.0956816772208615,0.5993080161525992,0.6976879149061679,0.49050131262746594,1.4615367114870488,0.8589690504129014,15500,True
1.3293578254402842,0.78362468343593,0.9130887160365903,0.6819542282631441,1.6515481625323127,1.0062023238379894,17500,True
1.0246748132956536,0.9651227106061779,0.6154284803381471,0.6189440409517691,1.3884395881400093,0.7580207518054989,18500,True
1.0890109319656665,0.8292409323735929,0.710150965261843,0.34557827141311664,1.3266943018483919,0.6518505027846158,14000,True
0.8272536635444047,0.2183412387143324,0.6009416948020431,0.36082259687553525,1.0305552777289282,0.2770460260142124,17500,True
1.0729745794585057,0.62483685052959,0.7350731652695338,0.4681920210879723,1.538488607150117,0.9308392238925998,14500,True
0.8202897331434817,0.8219463640047163,0.4438102631141124,0.26411253157968373,1.331328497005017,0.6722223277426582,9000,True
1.2973292649105523,0.8478704957626777,0.9232598906370036,0.7171434762634084,1.5922896822530477,0.9646489383681349,11000,True
0.8345734793160337,0.4743151992988806,0.3486977797775749,0.23777507426671324,1.401905367053986,0.6650752091395803,5500,True
0.7431957104896663,0.49593670131032636,0.4808494923449224,0.5313524466419622,1.217196695596234,0.5738269561181901,20000,True
1.120200975012461,0.49966277183747004,0.7471826043816981,0.4025128785312654,1.5549639909589834,0.8113984616127541,16500,True
0.9797401228856728,0.5527092458755445,0.6403865803173394,0.4871422210373183,1.4608408913232112,0.8391613596003477,18500,True
1.1176127868115506,0.6658687475361657,0.629444779561789,0.5858695889202933,1.4616559163986174,0.8016706213102928,14500,True
1.2549594005934,0.9748177990380968,0.8245983025994812,0.6281565192129426,1.662313658395983,1.075533308322518,20000,True
1.1124813646172802,0.4831638729277652,0.5606819722682702,0.33197114538227496,1.6438322812197368,1.0727135098674274,19500,True
1.018620682113692,0.5808996069789963,0.6678696374949813,0.47167579352566097,1.55521723640095,0.8320722319103414,13500,True
1.134804008603633,0.6627346344753096,0.8445454528356744,0.570719997585972,1.4015589716149714,0.8751824965316874,9500,True
1.2740278584407403,0.833581037923732,0.9197345491489951,0.5947400820816107,1.7165655231645374,1.2072368615853208,5500,True
0.9753938402757403,0.5049102345336248,0.6344375784020753,0.5018482711681564,1.2721043816375452,0.5811460713380215,10000,True
0.9050786237545285,0.5385403405554194,0.5784066223307549,0.36161717001038995,1.454209930695953,0.8188128815142871,12500,True
1.0116839830940196,0.9181140673974189,0.6797919945186867,0.6615895372355094,1.5451500107306217,0.8837956255429733,11000,True
1.0035546076789983,0.49768393729584404,0.6997102821536147,0.407158903680231,1.386987729085161,0.6940873713539017,12500,True
0.888749115900629,0.5920091263927296,0.5347350713824051,0.37234706534798284,1.3177567752996366,0.4980505080010596,9500,True
1.0416925337703937,0.6390564931245912,0.6028010952125432,0.4909658353619333,1.585584568288087,0.8436752274760875,10500,True
0.8639285767421767,0.3444084414215857,0.5766652207315268,0.3568635025710677,1.3071979497940605,0.6367005079503365,12000,True
0.9812034679656523,0.3799681373138853,0.586109947368759,0.22460601945029807,1.2903502894386334,0.4008592793044749,14500,True
1.2267583825122614,0.7093359900590214,0.8096744258204848,0.7429450503674486,1.4778945954504508,0.8145229607491496,14000,True
1.1860947326547884,0.7440723810774993,0.7929108262461584,0.49293371349063925,1.5423963271172072,0.7613357026173404,16000,True
1.1209703920923508,0.44877672640221605,0.6197838284126448,0.33517683301457396,1.4584701394852804,0.63204456067117,9500,True
1.1469509301256084,0.706074089256348,0.8216239836484015,0.5623318002609047,1.3931734212733746,0.6745684795116249,14000,True
1.007485054454866,0.6649583397052808,0.6778716110834889,0.5351396831154145,1.555265362458794,0.9200156435142509,9000,True
1.1619069669138744,0.5698920660627494,0.7420245604528434,0.4484027562392605,1.5234798865331785,0.7106887835624838,9000,True
0.7220985929681545,0.3496025111048236,0.49811668116835395,0.30646614939617833,0.9669816463225436,0.4439788099017242,12000,True
0.8523223806008696,0.66616989252073,0.6555973206678244,0.5087788385388998,1.4736736975951183,0.7930974925978952,15500,True
0.9911815412664996,0.5227605503945725,0.5914369077214573,0.36362907025873836,1.524486632435574,0.9189648946420124,16000,True
0.9589857237997249,0.9654075045022247,0.4997287772107741,0.46617667843208216,1.505345908979553,0.8087477878318422,27500,True
0.696334638038084,0.3068076644876308,0.39272775647727187,0.6523083141694185,1.1486639461494794,0.5107449956278193,13500,True
0.9010010573705474,0.5276997844387399,0.6753814613940907,0.46467015707306036,1.3104502067597068,0.7080470939376934,16500,True
0.9165171371956349,0.3693860627120463,0.5541738196526643,0.31197225065954975,1.303003144603402,0.6692676394728981,11500,True
1.022341882265637,0.770431852945125,0.6826921779664361,0.5091870005905088,1.638963303954206,0.9506243199170117,10000,True
1.3308625862869576,0.6974930547274013,0.8004947346444088,0.6074838126534989,1.658067424130415,0.9908768722259607,9000,True
1.0996106891101685,0.8295541267213895,0.7155672088656603,0.4443716548956465,1.37972320137399,0.6635601979978537,16500,True
1.0910337891607607,0.5347667825117266,0.6512638703231597,0.4548542420104066,1.5853415809214195,0.8982791964768675,14000,True
1.0293903721451603,0.44548174647832384,0.6637815556861056,0.5202531506048577,1.3953887909801432,0.6758956661549015,8000,True
1.0622015998055923,0.44181192036766975,0.8022112329715018,0.3571730929855321,1.3129063625270172,0.5060846764550051,10500,True
0.924393825408403,0.6830003254875155,0.6463422126534685,0.5574129454927338,1.3921938498823867,0.6935834523636659,10500,True
0.9954726887258449,0.42736746883805665,0.7893250895422526,0.4239700504642736,1.3416908825254832,0.8578077068478047,15000,True
0.8096768940009635,0.5280450722157164,0.4044387296407055,0.602795813281908,1.2892068112776647,0.5584227344229777,7000,True
1.1251867963291706,0.4995380000501181,0.6743891145841524,0.37709586977816234,1.6145858890055085,0.7623732893404207,7000,True
0.9649178533028805,0.47027198432758743,0.4654331148521864,0.35779519589928543,1.4127563645475643,0.8246626881556227,15000,True
1.0065698655574915,0.5764581401765361,0.5697192480040795,0.3760834483971269,1.6118902079428685,0.898109049355044,14500,True
1.091494539449284,0.7034169277862029,0.8998740825816659,0.6792583821955868,1.326750070175693,0.75772630323869,19500,True
0.9750506660889096,0.4211647142122513,0.5865981476375532,0.34653453982933197,1.4367957992759361,0.7706898784196644,8000,True
0.9409612072653759,0.5280841581321885,0.5591660347993112,0.6837232973792728,1.4092045849477652,0.7875925698655177,13000,True
0.853087265682338,0.4139483786027628,0.5072567429272643,0.33263282082325446,1.4747192312313695,0.7117811477433815,7500,True
1.2302613032810845,0.6607105502739423,0.8105608318449206,0.5342569942445144,1.3302248541987383,0.781115277706482,12500,True
0.8222210773113696,0.5730402105172028,0.6814993630843262,0.4357974813785244,1.2539929063825654,0.671139009425366,11000,True
0.9957287634290574,0.8579281592264387,0.46382955164186135,0.5089463406562627,1.5882462268473931,0.9046371836344806,26500,True
1.034795674651699,0.6434569993239586,0.7515256138396992,0.42353708751632324,1.5082040239976253,0.887636212042736,13000,True
0.75647867404849,0.5691254448010501,0.5016920397010923,0.3388944287648915,1.2310226857350686,0.6674742365076047,6000,True
1.1327048907210486,0.7427283885046791,0.8678487430661642,0.7061764710689594,1.477461785313268,0.717931030518902,9500,True
1.0690135676771984,0.4873064378558931,0.7054553571625828,0.4159556647021532,1.6102774437138756,0.7768642204753357,9500,True
1.1520276454787692,0.6840914978968031,0.7965970449407859,0.2949131632245093,1.418277726806081,0.7257402327590561,10500,True
0.8325122792153293,0.6638352846118223,0.5425385430572474,0.4526300517768145,1.382357388171305,0.8266370057628112,9000,True
1.1485828366226778,0.4560512250070655,0.5857101162308639,0.2919187438380782,1.4731043271841013,0.6428465665304729,16500,True
0.9931630003870479,0.376282995594979,0.43661738020673047,0.65420651510093,1.4297748058472992,0.7094558467665512,10500,True
0.8072962138747545,0.6808836956860718,0.6623273864252082,0.48483929832919975,1.1795424844336864,0.6799136377932643,13500,True
1.1583895587390627,0.6200136960976178,0.7544407746395131,0.5323196012774223,1.6563590008168658,0.9936589327837232,18000,True
1.0698840367307252,0.4042624735616758,0.7327388758099315,0.530479069164104,1.4300102189814232,0.7020452157844331,12000,True
0.9600975041189469,0.7759645191168536,0.5369941793395157,0.5064332074668224,1.5879158001735765,0.8976959253722117,22500,True
0.874142241511124,0.4873310758109513,0.49616981466376703,0.2375596353932511,1.3436678668750397,0.6728517899288908,-1,False
0.8223095913388851,0.4747045573403254,0.38676051545751566,0.3568446379330267,1.4121459320153076,0.6809979671127315,21500,True
0.882666975456527,0.4061546684180812,0.5962570790663584,0.5008246334772392,1.3775240238772157,0.5945420507476256,14000,True
1.0020813829597939,0.7722347265789754,0.6072983492968684,0.6817677500902983,1.6638619415913773,1.0180497255598226,18500,True
1.2374650292416012,0.5448393352293407,0.7765512161059602,0.5005329512726803,1.3867573022160329,0.7687736275691963,10500,True
0.9198798850001554,0.5339825629107098,0.5437404131710347,0.2796884951339961,1.4875321039831866,0.667881489453254,12000,True
0.8813015876991372,0.4816754176725671,0.4645292782701175,0.5577525910708205,1.31358698520367,0.7474643414856895,12000,True
1.3783424187587485,0.8589188019600128,1.1154967570228296,0.7760068652276817,1.633110849246071,1.0188837850499928,10500,True
1.0377977417268687,0.4885905739800738,0.8245626564362163,0.5098654981786845,1.211994531502508,0.4905928863058442,17500,True
1.2142976249681718,0.6149356878285073,0.8957540361587776,0.8181588074857719,1.3062645276482248,0.7022455220527121,12500,True
1.190485019805986,0.607563432962109,0.7747036668234553,0.4727019763896304,1.6204423011415865,0.9335026355616383,12500,True
1.0251436464684411,0.44683913277135845,0.7087109247160899,0.39084623219960507,1.3846219113376759,0.6481225767490094,1500,True
1.0261651052123613,0.5862341601132542,0.7127824698584825,0.5573043746764808,1.5422889986073065,0.820346801239364,13500,True
1.3117740532256603,0.7963516061804213,0.8318176117845987,0.6110604706702667,1.605995473836547,0.9266691212105542,7000,True
0.9962754664374943,0.5406992635975645,0.7166891330216459,0.3724292289529044,1.2507402973231494,0.5516389764661527,11500,True
1.0278446343135812,0.6982259346501609,0.652123867626508,0.7040358334314372,1.517996131395938,0.6863749059806693,22500,True
1.0065984091872782,0.7307790605065456,0.6799864124611712,0.4974924716245845,1.4487890650181972,0.8789506757956922,16500,True
0.8396516375439788,0.2939113685605709,0.4507449499428676,0.236501751004843,1.3716049725082922,0.5090473980956516,11000,True
1.0533158132834768,0.5553297634196038,0.756764390147505,0.4396944004346156,1.590258673843979,0.9846188456021566,16000,True
0.8542830505271891,0.663613291778866,0.5638120508594815,0.47301302152243485,1.3588482648129432,0.7157028362697411,11500,True
1.1178658145066434,0.7100660946646152,0.7453592775777491,0.45841247593478746,1.470681489671748,0.756237008629694,5500,True
0.9630511769609171,0.5351954970553464,0.5761020460461539,0.4555237530484124,1.4445488609144674,0.621340965073509,11000,True
1.0461454696016073,0.5499110740615165,0.7410854260914419,0.44457111152037015,1.3911157061288648,0.5633019805039463,20500,True
0.9115116806614529,0.7215510176013207,0.6348307872940819,0.3412636764311846,1.3544947228754405,0.7412468126649832,18000,True
1.096605654510671,0.5630239686173608,0.6678103651803814,0.39300327860836143,1.4693449703930157,0.7173475226509769,14000,True
1.1862955060423648,0.6348125143249265,0.7676702761887829,0.482853767344575,1.4663213560462498,0.7123934564673612,14500,True
1.2746378388783777,0.6483591690511057,0.9658019158872736,0.8037034024678151,1.426332639884264,0.8626262737121085,13000,True
1.1258445670014667,0.4686555129181225,0.7142095401884456,0.49464822734023406,1.2025156009957383,0.6726635037740627,18500,True
1.110394758790459,0.7126379906976631,0.7520972626717326,0.6684122502283694,1.5036606077794041,0.7232742255274199,7500,True
0.8935084519953732,0.6011956378744222,0.554825517119045,0.5614827421257107,1.326339343960825,0.651528190833062,18000,True
0.5754516240282052,0.7108350840208433,0.3445898372628374,0.2526450336929336,0.8648022907820735,0.33273531165011233,15500,True
1.1333473700850742,0.8157528355838053,0.8069617712102569,0.6604125224142299,1.469219228242993,0.77425524699861,17500,True
1.0463012590771823,0.41656867936060793,0.6882237810521784,0.32886333227089304,1.4635087351913476,0.7605519404418192,18500,True
1.1367885894158565,0.5200740414278063,0.9429274786348599,0.5062940774453764,1.4578859962423913,0.6697185711840259,14000,True
1.2572339748417314,0.73602750086887,0.8326151145434731,0.5749515414076534,1.6299905064686226,1.028775586534051,17500,True
1.2754718386827062,0.874402120713908,0.920051100134181,0.8298233028816897,1.6113860790926244,0.8160056082253359,14500,True
1.340800564060547,0.800073703748796,0.9124707841168922,0.42593656383513817,1.461667957717912,0.8674654302655123,9000,True
1.1142264798741996,0.5375836494252686,0.6079340005418546,0.632750206380474,1.4644209372075727,1.1150949064359927,11000,True
1.0284196168556592,0.593505359889351,0.7216837267465156,0.5365856074412398,1.4742414675896294,0.7059047344872322,5500,True
1.0114832718946258,0.5488297948588956,0.6142822870185587,0.6635038130828298,1.5071966423711556,0.7650048979174748,20000,True
1.0748913331093284,0.7645428338527867,0.7371431968467439,0.27824025003593,1.5291788327155502,0.8115676210878797,16500,True
1.0541403697385925,0.5979459205038952,0.8058582410293444,0.44601901628099405,1.3569096602721464,0.7614741799586918,18500,True
1.009376967332293,0.415490432197242,0.5922791846983584,0.4828871003385567,1.5331842884185993,0.8296245310280191,14500,True
0.8642498765518651,0.47052435077487187,0.5369999320785505,0.330189090485342,1.2100758037939487,0.49624083623160525,20000,True
1.295705462756671,0.7841382198405453,1.0090832906390053,0.6684798819310765,1.5433389275251208,0.9365177347081981,19500,True
1.2635804540594413,0.9514450012230757,0.8991267654624145,0.5332963975786464,1.6310296666214965,0.9238994604378354,13500,True
1.3033027047204881,0.7192798706625987,0.9508031750895863,0.6043336534719693,1.5587448338986396,0.8585116042513553,9500,True
0.8245098067590578,0.4175312045930377,0.4938941483807356,0.3103381219736303,1.2128371258749895,0.6153401765307911,5500,True
1.2008841482992447,0.5157701468728924,0.8128126514398868,0.5204165599624659,1.299392658152794,0.7046246557676867,10000,True
1.1393468348557054,0.43023921764022804,0.6319345150159072,0.3545685250106697,1.2296272985414145,0.6682512027736104,12500,True
1.2801154419244034,0.5727877060176993,0.853415480018696,0.6224951940595328,1.562769328162085,0.7949831794894335,11000,True
1.1912616384408556,0.8302459977104146,0.7522532830765859,0.42060424945040426,1.372037625444018,0.7329807344455763,12500,True
1.3503502804517278,1.0698232832366132,0.804318580404422,0.6352963491876729,1.678761514648185,1.0593550848136848,9500,True
0.9364468126122087,0.7515117037014242,0.630263254814033,0.5848975507384266,1.407935847230374,0.8172020919288997,10500,True
1.1023418749821992,0.4713778434917868,0.6866653884296195,0.3996318529313617,1.3666371862801512,0.684375195537064,12000,True
0.9177202708972939,0.528359782559978,0.5392741993492268,0.4650727535576714,1.5284513196327596,0.8676357546003887,14500,True
0.749279538566729,0.3285587051009526,0.45924205698737897,0.28950568699359835,1.1872701393902276,0.5736736985249747,14000,True
0.8756640522630484,0.5448106165343747,0.531067190513514,0.4782452444131091,1.4275084185475944,0.7685956321010815,16000,True
0.9781297641670933,0.721400957157436,0.5992504759058899,0.4324300785089078,1.4948780797856718,0.8251976763712263,9500,True
0.9441231079419813,0.7323293710219273,0.6292155242092727,0.610839745207687,1.618620676344977,0.9831747248330263,14000,True
1.0944821803985945,0.8848837084669924,0.8557983759636841,0.6298085616400849,1.3944804751041497,0.6986425450832335,9000,True
0.9234848770790991,0.4528861028473876,0.6414470223275816,0.39001039252251996,1.4109957652475897,0.8080341797065717,9000,True
0.8827750277203769,0.576567513098721,0.41545582057651165,0.5307724932375868,1.4394280664949983,0.6945296420676156,12000,True
1.3365146427412788,0.568733219309699,0.8216988798781899,0.6574223940485442,1.6052477047836107,0.9086928738443172,15500,True
1.0821468664772818,0.5449578694641973,0.7016243192793763,0.36514223175456345,1.494866519615732,0.7635328927068582,16000,True
0.982393402105416,0.5371438857100246,0.5606850701498848,0.353456051278344,1.521352867595717,0.8274965131463485,27500,True
0.9478352097209224,0.3642902173285209,0.6577460801969993,0.5150254553837061,1.2603598024655598,0.5286096651898551,13500,True
1.1081474590043048,0.8601031549782452,0.6569948887878372,0.45959629700639704,1.5929639082307543,0.9292707756051506,16500,True
1.183477903891862,0.5807183127885495,0.7884085683476406,0.6247855893498746,1.462207413720181,0.8681518211746291,11500,True
1.0067275793523913,0.7925027976145333,0.6836017019472078,0.5131287513456549,1.496183905805538,0.9636800592222442,10000,True
0.8941226628893347,0.8338549335087933,0.618225782094626,0.41859293394315705,1.555307156162953,0.94360253658279,9000,True
1.1487494306953447,0.5305187309689827,0.6928811757063397,0.43956954170356727,1.5152106338624722,0.8125315877422321,16500,True
1.076289470503986,0.42885112783404955,0.7301952952391485,0.38245663175503136,1.2035266558370301,0.6402196996724902,14000,True
1.2666777702800465,0.8471056439209877,1.0260535366193582,0.6972822925766977,1.539076396474474,0.9068675795625543,8000,True
1.2355814214340741,0.5080435788676709,0.7144561558461309,0.44091670936251554,1.3709262025649038,0.6796831643814922,10500,True
0.7397876562319745,0.568813920986355,0.5045676986278715,0.39874879418692843,1.1537514083516556,0.5675554084149468,10500,True
1.3691337420327427,0.7612931981917137,0.9882294567757584,0.5473480124212046,1.7773045121955533,1.0951735579939272,15000,True
1.1207132975057463,0.6565209799419488,0.6999344206360907,0.569943175520416,1.5242303104880353,0.8507877915784906,7000,True
0.8497678517120476,0.5744843191917985,0.6018390833671049,0.43417796862302455,1.375206741061469,0.8780125326071262,7000,True
1.0122557769383982,0.56859272978186,0.7609412209822495,0.5734631734591956,1.315082213448018,0.69250952168603,15000,True
1.0011336841943397,0.6375610631167107,0.5381756454495737,0.6495774170234375,1.5542070912372667,0.8187424278498555,14500,True
1.1035045598388642,0.691881443290231,0.7308677201963718,0.5813391143527499,1.6040274654643771,1.076296133784464,19500,True
1.3023224244523919,0.745373841514457,0.891797578721579,0.5290392853922029,1.4355653786754432,0.8148144651055235,8000,True
0.8825280259345003,0.5181888333515595,0.43213159326224365,0.2345572393326777,1.392278675736504,0.7495824181950879,13000,True
0.9830919415409849,0.9288537572562252,0.664181494412345,0.49244069616293845,1.4848811754295959,0.6508651813965073,7500,True
0.8104172604168736,0.33949244412294566,0.5565780187753906,0.19444495463118147,1.2322593658848207,0.5627382602375625,12500,True
0.8485668393274667,0.3240441855842838,0.5592318725389424,0.359668550712236,1.1280825591089156,0.4688367930683307,11000,True
0.8531006454727106,0.4422795912418616,0.5812127185747293,0.3958554431895344,1.3355974824374415,0.7596074045833849,26500,True
1.106148145328972,0.5527792825707524,0.8896237716776237,0.48230812917018645,1.3580616474379616,0.7104849098204982,13000,True
1.0847171808567013,0.6331153910192523,0.791241071524617,0.41844252887292727,1.4925689076268815,0.8941537389294116,6000,True
0.9967435159970823,0.6516718017239101,0.7204895509032151,0.6893635802039719,1.40098160704867,0.5943210281528926,9500,True
1.0838012414752864,0.6085900476124337,0.6415131504979389,0.413220497773395,1.4964084626233116,0.9852589960608493,9500,True
1.0007656932461457,0.7654169764715367,0.626026821120973,0.4013510584349254,1.4865607451180023,0.7013255135456191,10500,True
1.157512683895844,0.6890460754698445,0.9310873571203582,0.5920549773143301,1.4326075318736293,0.7380749362633878,9000,True
1.1470349172050736,0.7533419695058889,0.6696206659233589,0.5347460340603606,1.4269709648616062,0.631480802878426,16500,True
1.2300791203949342,1.0325278413080516,0.726965645819305,0.469340401804207,1.4179756649841018,0.6907027920348205,10500,True
1.044980649005401,0.34686244292101137,0.6397901169243445,0.352625124201801,1.346729511808582,0.572832691842867,13500,True
0.710728862842617,0.7084019648406087,0.42007041518767013,0.45518048094855507,1.2321960445495692,0.5496171338995058,18000,True
0.9775196347883565,0.6125090183468994,0.6962001912075261,0.5278611836829911,1.4100714497469533,0.7179493226875449,12000,True
1.2068305612327517,0.8197283100290165,0.7723360563751919,0.77851287560738,1.6117345481046532,0.8825802089555983,22500,True
1.0819881926231156,0.6306776719007972,0.8260745664753664,0.5748903752571615,1.2756275398787298,0.7641742239892774,-1,False
1.0045320421021782,0.5885878713866843,0.4872489700333115,0.35826645903124343,1.3509442545945156,0.5105445687728722,21500,True
1.1728044822712895,0.6324536602156994,0.7882792971382719,0.6746084685838604,1.6554577561162165,1.0346688747000499,14000,True
1.2568441169508424,0.7067129149962462,0.8467980357024208,0.4254346095285308,1.6905812123375796,0.998696016365591,18500,True
1.0282211336748324,0.5305657806125219,0.8988790523051906,0.5277183189443363,1.2999012728000647,0.728784802288471,10500,True
0.8939034763545572,0.5848025674125817,0.7039065860467748,0.5271609384840803,1.2711397188459954,0.7168372095700202,12000,True
0.8981004636711076,0.43148281424526624,0.524213468517773,0.33338225250901743,1.3589385181950617,0.7967241876142511,12000,True
1.0501361392341517,1.0775646810784676,0.7631221255330348,0.8336255242930224,1.4943103123257657,0.8081528470151672,10500,True
0.8450918655928594,0.4568992962668685,0.4468315606048487,0.26512791400758773,1.4596296204178383,0.6982060512720736,17500,True
1.1486513718711422,0.8752394725358971,0.8298905554244526,0.5726469620241834,1.467388781944351,0.8134238479435264,12500,True
0.9077844499098137,0.5757202850988351,0.40699679121277993,0.44379955815926503,1.4457399544257967,0.5378501344668829,12500,True
0.9374879361701514,0.6628550804229386,0.5687604458253486,0.41368074310803793,1.524236294055306,0.9474312944145508,1500,True
1.075601756410878,0.5538525541336521,0.7964833161067938,0.7604623093074951,1.4234573915708721,0.6573415124557709,13500,True
1.0905884759632156,0.6080877937024034,0.844236096486968,0.501828763981653,1.627230800416665,1.1626428352901896,7000,True
1.1254016639332514,0.5590022854181331,0.9086569179611013,0.5302320063062012,1.4317205307822503,0.7213935711076083,11500,True
1.0799383839331604,0.6600844908473024,0.6528581078544976,0.5341381324695544,1.6566606126296328,1.112885141662151,22500,True
0.9371326636266266,0.5101577717747952,0.5475568895144924,0.4432541913378747,1.4862913581450101,0.8181060891901486,16500,True
1.4139056396339433,0.8521149432012536,1.0197295430499216,0.7755737876671571,1.6205753222472925,1.0082412540981336,11000,True
1.1437005250167023,0.8635432504922919,0.6621143262503724,0.3154669411943576,1.5182623523838468,0.8062838038777438,16000,True
1.2682761936562792,0.5322134121421277,0.8056301365961608,0.600578193752942,1.6082818350874122,0.7630542008617965,11500,True
0.9845577988821907,0.7673818274890838,0.6928555243278661,0.4775663000137809,1.3546828295823503,0.502929838140397,5500,True
1.2973583645924118,0.7428758799009512,0.9362383554281815,0.5080397125097834,1.7135502599288213,1.1040909222009856,11000,True
1.2129232755944763,0.87037708185977,0.7959471273008907,0.5179066449286808,1.5147370552455126,0.7368618721828842,20500,True
1.121649562183572,0.5957907993141754,0.8081941944386757,0.4669942985661587,1.4754944616819163,0.8442213334411307,18000,True
0.9621453856765112,0.7803368077962713,0.5846253324674987,0.49866635320937003,1.4231778744021295,0.8276686740618957,14000,True
1.290460718087934,0.8260338847566681,0.9721965386599083,0.7631795693935048,1.6636908296452935,1.1488314277141143,14500,True
0.809746070562641,0.34902914284136405,0.5483777589028226,0.349441624657183,1.256077799259021,0.5924980833713179,13000,True
1.2160739655042048,0.6885878748898909,0.8511318769805215,0.5801755713674097,1.317832241145078,0.6826867634645248,18500,True
1.0176205731936685,0.3874122958769836,0.608901678426791,0.4340099090289752,1.4444537104952644,0.6206083017278552,7500,True
1.2555447213837432,0.6789976062703642,0.7090972284445263,0.33019504941391487,1.5776313797400625,0.808274064878808,18000,True
0.9129166112868955,0.8891744599309903,0.6073577143434632,0.5234173936726099,1.4370221219393056,0.8456847802050778,15500,True
0.906373154108426,0.3032740506672967,0.5138046145433403,0.3156214684802736,1.4652745214855523,0.593419068639522,17500,True
1.0634497349757834,0.7340138772347238,0.7062223040217549,0.37746323285646727,1.544272376531547,0.8791558434180646,18500,True
1.0692808182276707,0.47551323681118407,0.5464462649563584,0.2963832937661062,1.2824893430615545,0.6549269579234573,14000,True
0.9682376052233082,0.6180027477866207,0.5570913375598286,0.7119557937109086,1.512314286255046,0.6849324970416512,17500,True
0.9176130462894422,0.570820046264998,0.5512316573365679,0.6258573433447163,1.4249135510233537,0.8907220575480534,14500,True
0.9066784629885186,0.43628834927864596,0.46059919726221143,0.3419842505292297,1.6593618842886755,0.983523361545456,9000,True
0.8456505710116754,0.4515252788398827,0.48559233939116325,0.4214248439925904,1.360051950541732,0.7927833233428219,11000,True
0.8952726708787642,0.5435349872039588,0.6058784984079916,0.4534801449052814,1.3513120995494081,0.7324912920403837,5500,True
1.0435985981674498,0.5658818239094114,0.7335742235261239,0.4794788830694237,1.4388979704240177,0.720630439105466,20000,True
0.8516116724408687,0.3233951904062436,0.394180847628414,0.28202818389585715,1.2789609160400874,0.6470333606954896,16500,True
1.0201238302666078,0.5191273449472602,0.643751047687585,0.4928230466615039,1.4345504607527346,0.7270773810378295,18500,True
0.9347301680602267,0.563319497525101,0.5778867904195824,0.3745776970150947,1.3093473097352366,0.508256397034637,14500,True
1.1810840613805549,0.48508215780827835,0.7643021295445882,0.48424402169208763,1.3857097749330218,0.7514730580291953,20000,True
0.9124718503374389,0.5231508597133495,0.5846363700304978,0.44553033809394205,1.5047437010760365,0.7553872045726135,19500,True
1.0783760190692784,0.5311702504398759,0.9417860604243934,0.544787332296921,1.4029823611836885,0.6545596760499562,13500,True
0.8807098918411639,0.3084649928009267,0.5815768530851491,0.24527831985234236,1.2255056013983123,0.5702109818433476,9500,True
1.0822966510257468,0.8820244485947236,0.7110103777797744,0.3535378368828695,1.2212752611527746,0.5066181991317857,5500,True
1.0267807306546413,0.4904164476958378,0.5718662676476541,0.4052213801072221,1.3131533951983732,0.5264021600488618,10000,True
1.0600924242603071,0.6249004311904764,0.676255895909826,0.6472912171971504,1.4596046764629547,0.8433313244351033,12500,True
0.9759065476452459,0.5942035964763308,0.6805050712271464,0.5312333439652286,1.4033192178838385,0.7748081964498601,11000,True
1.2901235927402463,0.6624108974641698,0.9722060277354748,0.6360550986435314,1.6238568379563685,0.8606029477185105,12500,True
0.8741441626190259,0.3734841586784732,0.535198113871104,0.3932843174979133,1.4383413761556452,0.6917736571166442,9500,True
1.1553729502735497,0.8640277854566221,0.8738454154337543,0.6047190901770125,1.440506726527243,0.6667364385708945,10500,True
1.187416322444927,1.001293598904134,0.7268202647083395,0.503097800510911,1.3010689029773195,0.7263933910477169,12000,True
1.1356611727248414,0.6768387721137147,0.7940454214274784,0.4419604336191215,1.5330632874322616,0.768079962491498,14500,True
1.1747933467653082,0.6398463944844585,0.8783479167822452,0.5884246431492947,1.371037494000336,0.6661801799151467,14000,True
1.0004307053510064,0.45308957188692617,0.42029601433858427,0.36698780754879673,1.4200215651088328,0.7460044442892942,16000,True
1.1561124554973725,0.5825465192039897,0.8197945885835716,0.6762070697048029,1.3436888223088455,0.7074324386806804,9500,True
0.7860864347359338,0.4047875774348623,0.44592903590286587,0.32010139310747804,1.3762111359769396,0.5264163498136303,14000,True
1.279424315762239,0.4299027951117759,0.7944063847107966,0.3531085886632729,1.5418968953123209,0.6845315475694368,9000,True
1.0905488976914774,0.4297029980646373,0.7671918082959959,0.4062471867426869,1.4319588982207123,0.7639789695536051,9000,True
1.0891090751715957,0.606543417332529,0.6453812189501847,0.4943341845947999,1.7131859188842784,1.0815947950936418,12000,True
0.9349727058867024,0.8398633262233381,0.6318021350417623,0.5137030183360638,1.461443061619181,0.7766712079157194,15500,True
1.0469573281336186,0.773270650481933,0.6271885474444033,0.5975632930547767,1.7045719516814646,0.9666346634006486,16000,True
0.9855890466038244,0.931023586381552,0.32582152849559953,0.6920707031400744,1.4463078275762067,0.80465973051289,27500,True
0.9700616478127666,0.7086257955593489,0.5717638503977425,0.43937956251253857,1.6004211177246994,0.9202567575632512,13500,True
1.2193138735639153,0.5930760067195837,0.8717120471945602,0.4647252541625453,1.4511948708950932,0.587060439624239,16500,True
0.9604676783068291,0.35517989974250125,0.5983962057509689,0.40369720861261105,1.4395280433579603,0.6169591399509569,11500,True
0.8575592573829071,0.37492916052843017,0.5954198847597624,0.3368310143416022,1.3086555222106078,0.6259696714857973,10000,True
1.1882262613833086,0.7673494897816756,0.8797842967661628,0.6555722305484843,1.6344843225960832,0.9136585175441587,9000,True
1.2314981401014233,0.6805165254665427,0.9710298476582406,0.7158141919226182,1.6352091189843816,0.9413723356177099,16500,True
1.0678067411415766,0.6519560711131878,0.6091930241008254,0.566830878434244,1.6261758642829076,0.9044352659178478,14000,True
1.0918545454885207,0.6064002707283634,0.692537481146521,0.5343467741235868,1.5166634281355988,0.7689319232964362,8000,True
1.050517547196594,0.47587256145022894,0.5933279917233609,0.36389841362316694,1.151350748664466,0.6498602772265716,10500,True
0.9476223840732754,0.6728599379601138,0.5376593393802251,0.4296847146139479,1.4893008256951297,0.8078044477988254,10500,True
1.1070301091466903,0.9289669167611455,0.7891652590820484,0.7045596352286811,1.5326046161624527,0.881702037637951,15000,True
1.2377893700779654,0.497713632676596,0.7781338293642353,0.38225337614799604,1.3749963445383149,0.7493976185545638,7000,True
1.1807658222588324,0.6184363249419331,0.731518581645379,0.4144313738947071,1.5043314568198718,0.7088140095811886,7000,True
0.9896286548151109,0.7062259067722787,0.6517317451465561,0.5124169168815209,1.4943690788778365,0.8130448180674558,15000,True
0.9303253803772873,0.5201798906433965,0.5957462097719624,0.44173524158330063,1.1688940207884582,0.5852353428528243,14500,True
1.027851155243203,0.4917371856550439,0.6821679977538576,0.291180903032657,1.517987860300751,0.8729399067888512,19500,True
1.010101476733328,0.543707032062938,0.5968957233015855,0.3284534911308594,1.5493475810655126,0.9192551965378557,8000,True
1.2328225140257785,0.6019353748269373,0.7698199898335572,0.7918451636513995,1.617825310325576,0.8838455079481615,13000,True
1.1413694589996048,0.6909017433721457,0.8004882228606364,0.5271504889862623,1.5261801293767816,0.7885166164862185,7500,True
1.1006383867802767,0.527326838088971,0.7605285807979987,0.4793867126563927,1.509283954535502,0.756912329721863,12500,True
1.0802886620396839,0.8041124976058117,0.8397493144034359,0.5157390609378619,1.4958133803115392,0.7935688623446878,11000,True
1.200572121012259,0.7160556123527153,0.738528466822789,0.5358222524948342,1.5489962693831376,0.7704424786472713,26500,True
1.0247389553687392,0.8637573965799984,0.5650384883382848,0.5873781395396604,1.6438793676607102,1.02278114808237,13000,True
0.9737406529774721,0.6523409133677252,0.695861365347982,0.439663977903159,1.430796051072671,0.8393230305330672,6000,True
1.1838543724401516,0.6854822719795676,0.8363493574174297,0.6550594841081154,1.5642275871757374,0.8907735180439007,9500,True
0.8298657307968198,0.6321018855486554,0.6083303593592845,0.540366180566816,1.2744381260660007,0.6287616648782808,9500,True
1.3113027413665714,0.8830664088666624,0.8371226236562402,0.62108766506778,1.7491656109364637,1.104952598451871,10500,True
1.0444345421891454,0.6681943985658265,0.680208145446946,0.3759585859428353,1.536483294513608,0.8211207819520346,9000,True
1.0386155629108569,0.4170499955190571,0.6226157432439245,0.37782987882383323,1.2512184364193966,0.5498832446391632,16500,True
1.2109670357895763,0.5983900522536328,0.7675884204894031,0.31742936701619645,1.4971457069023677,0.7668240079025224,10500,True
0.8728867127807606,0.4256471341269669,0.36215574931942807,0.25345721976906543,1.3712147086566004,0.623769118879867,13500,True
0.8232762779532578,0.31928830233352773,0.596331121274329,0.29091897091124264,1.3782846840226184,0.7112168885505108,18000,True
1.0100451454388022,0.6282763782363114,0.6625557689220867,0.5695147128857236,1.5554669918419528,0.7726753846890713,12000,True
1.0602887061037596,0.983331227058979,0.8084167027600194,0.4778843547969159,1.3718472016252694,0.7517482668794555,22500,True
1.0373959430258106,1.0169874184990662,0.7212388195872877,0.6196101105885938,1.6734729384842144,0.9814360556233566,-1,False
1.0336033129897333,0.34238593392183064,0.6401753611567462,0.2631721552472687,1.3526425590761704,0.44408475192945684,21500,True
1.020123436500652,0.6807100967205154,0.5480078435776802,0.2523068078632168,1.243465391348785,0.5110098538968741,14000,True
1.2578671773769974,0.7980677155662289,1.0401685932822173,0.6679465353193574,1.6261695040577622,0.9609322928238622,18500,True
1.302872119608298,0.8591073766366595,0.9631173806341419,0.6759322551211442,1.7773750446044585,1.239486330589744,10500,True
1.2026054430199844,0.6436165649064532,0.8707690184924707,0.48748651081049127,1.477792126169721,0.7502525670127201,12000,True
0.8519406112520377,0.8493743251481992,0.4729336664398231,0.48010681245180953,1.3954593057206988,0.9010997461103296,12000,True
1.0035350777790346,0.3853676419265139,0.3711961701497832,0.36085388918942357,1.5278299061776497,0.7189351147559131,10500,True
1.1661718643226082,0.5390254500737734,0.675091096235491,0.4178475355638313,1.61380313423363,0.9641817531642176,17500,True
1.0793943375366046,0.5950391622109783,0.8895876817443755,0.4462525092420164,1.334981987429878,0.7007915463521823,12500,True
1.0632699832786723,0.5327425674525662,0.5530238865754449,0.534927744526047,1.6495604460701376,1.0372274643946027,12500,True
1.1461759535590996,0.7055946596905536,0.7743616774749478,0.5328377316392815,1.4588138974154192,0.8001179661340563,1500,True
0.8373434289436922,0.3770279672523133,0.46419330770259387,0.3739934064630802,1.4041226859480895,0.6470620456739478,13500,True
0.9157307644607509,0.5023529583334545,0.5962620522396415,0.30324514229392,1.192320501228267,0.3020776605085925,7000,True
0.8468318653556776,0.588583305278492,0.5119216910215064,0.37614370515966133,1.0555848316399952,0.4655659028117358,11500,True
0.9036998159005217,0.39937350702044483,0.589939516505197,0.36393715238313024,1.1257612035275786,0.5049368644690532,22500,True
0.7432923376319042,0.571001540757405,0.4314864887477871,0.489397755020373,1.3412908310423297,0.5722094690336923,16500,True
1.341075548491629,0.7148531780639571,0.9990561901947458,0.6282341307927427,1.4408376429661673,0.8341664488089537,11000,True
1.1727930427412356,0.625439688198955,0.9487970371317147,0.5414108300481041,1.4970051697424192,0.7505665510178816,16000,True
1.2575622208462673,0.9918900485073852,0.7282079749488571,0.449203157389079,1.4981086597472808,0.7880784126364104,11500,True
1.2196911664179262,0.7287503455505039,0.8277041645822123,0.6192593327919089,1.733533009125175,1.1388159028175642,5500,True
1.1918375683499909,0.6998513710283365,0.8159453784607364,0.5745733196923236,1.639774079201753,0.9383455663579647,11000,True
1.1697265927566645,0.5977880339645972,0.8821135180673338,0.5236228141295992,1.518756746434577,0.9203245732764291,20500,True
1.2721468124274664,0.5245576393080463,0.8917816098235916,0.553753323562137,1.4167333498499761,0.5864092422154791,18000,True
1.2875227420921733,0.7238224505799669,0.8685608494350896,0.7823712177605056,1.6286160501563944,0.9108703164969476,14000,True
0.889889288748025,0.5323984329691211,0.4761345594753015,0.5804930957276954,1.449308565348691,0.7926023830052767,14500,True
0.9900386725073124,0.7105808855668284,0.681345211477649,0.5279218296488739,1.4586573287073914,0.8390008406351834,13000,True
0.9741505125088087,0.5123272553220685,0.5700594315942961,0.47108660934853064,1.2975739845801233,0.6244924693553624,18500,True
1.2292232801497047,0.5567561732750458,1.1312185676387931,0.6292533943800238,1.483807306579349,0.6149694837207796,7500,True
1.2573236857262782,0.50499466780659,0.8538274448590195,0.509403052111493,1.6722602778838294,0.8847353539188367,18000,True
1.204721102906797,1.038570903741469,0.8764369207841115,0.799790076435575,1.6231521539909632,0.9246057507818936,15500,True
0.6639084184629261,0.9232353060109055,0.37178334639710997,0.6735589521733137,1.2750753812950304,0.532130221043428,17500,True
1.2227989810930944,0.6068133488316074,0.7805382098152607,0.41729445574175356,1.4166997466892803,0.6948244797235008,18500,True
1.00953641686099,0.42266694955304474,0.600827283224029,0.49834555574957784,1.5070354813395048,0.7849346098440432,14000,True
1.1118814750804755,0.7479062848398969,0.7548038806404642,0.5132851375444216,1.6551427606154863,1.069004058928951,17500,True
0.962706574871227,0.45249411325678224,0.5922585298593591,0.3786960959487514,1.4810953592526697,0.7865882150907537,14500,True
0.8444192723022408,0.3412693000557425,0.6837439143261939,0.29690938827170094,1.236772610600983,0.4596421666289336,9000,True
1.1138277016746745,0.8281846097294008,0.7844308325482073,0.4789764494743401,1.2375269942443299,0.7844869518175607,11000,True
1.1085825935637434,0.8085131126503556,0.6747705820756333,0.3488887410048478,1.4744008172951555,0.683773066492613,5500,True
1.1050124603718874,0.5945340600163374,0.6105746928808851,0.6495554173366009,1.4314718681146124,0.7684219369202837,20000,True
0.8661520696023147,0.3391340936222309,0.455144427372475,0.37407490217567757,1.471796733092804,0.7670484919508382,16500,True
0.8857158000239579,0.5721766499458532,0.6086459240309664,0.2941929940311415,1.473697496073571,0.9156607115263411,18500,True
1.1608122559798508,0.9347043461494673,0.9377330772836184,0.5409947909805258,1.5199965396321933,0.7780199739213853,14500,True
0.818872097103292,0.44620706750570693,0.4319535002380244,0.27203628432067495,1.3460754874063465,0.6741918453614197,20000,True
0.8291336431875349,0.4581304720646562,0.6916723055699449,0.31861057880404775,1.2661664364305802,0.6691014381482997,19500,True
0.9117780315361675,0.533423734833427,0.588873224660558,0.4693985386400798,1.394218913669662,0.6963402296074939,13500,True
0.9645419292222348,0.41529486610325583,0.6476246685317277,0.32022119768133617,1.1276930508728702,0.5005466586081819,9500,True
1.0272063584601738,0.8028609022508207,0.6749887017400525,0.6815185717401968,1.536401989361024,0.8831994620792252,5500,True
1.0867612204929358,0.43593358231929336,0.7680804267598604,0.5125987414048773,1.4894811457277959,0.6331614036619206,10000,True
1.1343632202399379,0.6292838678213961,0.8237762836473176,0.5026936751320926,1.519291071784534,0.8157670911743566,12500,True
1.1604942158145004,0.9276221019796259,0.5603728305645309,0.5121454372892335,1.57492333141709,0.7187752904661465,11000,True
0.9803753479029624,0.685848784686087,0.6104702321051962,0.4215636289083613,1.4857015413900134,0.93883802022609,12500,True
0.8952767472066504,0.48917440756582753,0.6435186210639194,0.39974359238378576,1.3229057578058698,0.6936437012915023,9500,True
1.0723433234537203,0.807940044519572,0.6084064749228602,0.45780813942458226,1.5737020122544787,0.7370611578389883,10500,True
1.0135820322344853,0.8485348935642055,0.7211348789963422,0.6149940612755784,1.3451925622593128,0.7350865936953614,12000,True
0.7979080626720013,0.42589925863220907,0.5477814471772586,0.2721717613028382,1.3023631525615622,0.7312971003215348,14500,True
1.0729841785130965,0.7762467430662182,0.6145602038206208,0.5378634309709427,1.53733063849758,0.8410620497897412,14000,True
1.2310967776756552,0.6152420051726302,0.7887557569341793,0.8231247139514235,1.5516299387809016,0.7114081021205645,16000,True
0.9246911789838526,0.5022132103070959,0.4102899986649188,0.3293432215594925,1.5742908483835647,0.9111486853160591,9500,True
1.00866773725176,0.5456210872129097,0.7422718765892329,0.48550012648153645,1.3628481135563837,0.748223043139608,14000,True
1.2050798168945707,0.8914404193974289,0.942959456011351,0.730417125849002,1.5160686371344767,0.8032097562569572,9000,True
1.4861716184020057,1.184433889807074,1.1036000135110509,0.8991699810307865,1.7878942568242169,1.2710512143023251,9000,True
0.9585446351638691,0.3091265442500953,0.5927253196207408,0.3233014820712204,1.5018702831220752,0.685358385027418,12000,True
1.0371372607233043,0.790979518433055,0.7574379916838357,0.33239503744232646,1.4370551259435969,0.5670418927069031,15500,True
0.8252048903676257,0.38027151573499923,0.42934252226452196,0.43596155526318875,1.4068426263792428,0.6559458876949399,16000,True
1.0048237677895762,0.39231190153635875,0.504921825318206,0.3648119623267122,1.5495140308152076,0.8377041954512827,27500,True
0.9223442613006396,1.039882286840614,0.5527978438714161,0.5657615751363614,1.533967005686138,0.8929097631408465,13500,True
1.048671555640518,0.43246359339280976,0.568224549793132,0.3691934988686334,1.599054313800986,0.844628280307536,16500,True
0.976901604729943,0.7072276716001704,0.6242843464798981,0.733837117060848,1.5283779930802464,0.9671970273424932,11500,True
0.8420968271329572,0.48049866958466436,0.6112038969920119,0.5111148754115881,1.4504685456822808,0.7556277471233924,10000,True
1.1102862632683235,0.7811053585591705,0.8807953701324741,0.5162641138240912,1.3291672551173384,0.7726264282530085,9000,True
1.321262314845994,0.9413714901494508,1.0870095849929668,0.8156616844901763,1.567751234598767,0.9206237873622938,16500,True
1.0616744482130942,0.5019243508679321,0.7447476672848232,0.4350827800945322,1.500134318168694,0.9130971914556205,14000,True
1.1052308788513472,0.6388108948518102,0.633875276080803,0.511455643438575,1.6571252561503167,0.9050393579472735,8000,True
1.2597765535679606,0.6350350431190915,0.7351835774369679,0.5518989366909314,1.5077772400681821,0.8621356673855454,10500,True
1.2415955310448452,0.5986710665511158,0.8995642837020217,0.49760816030954574,1.3714123669236706,0.8494177093103901,10500,True
1.089056021444473,0.7345132063859355,0.7951272122380019,0.5778323260022398,1.412054233667868,0.7483158614619893,15000,True
0.9458530156340275,0.760087805348772,0.43367063951370055,0.5238209636411387,1.5057512348899296,0.8426379488152239,7000,True
1.254854477643082,0.9170151368000272,0.8189263982745245,0.61868876824012,1.7234202222775308,0.9781714694386363,7000,True
1.076391257598084,0.9670723629812571,0.653157449522732,0.6868033726716176,1.589737600197636,0.8657041632215445,15000,True
1.126064426641177,0.5177469841231058,0.8600512381397623,0.7439099676767039,1.4209806520978565,0.5956437783150861,14500,True
0.8431762640879242,0.3586947235670818,0.34590782814793675,0.3028639217760294,1.1883458911545484,0.5578925352216597,19500,True
0.9853517295669568,0.5448223320201598,0.6758645590516612,0.4817725027630294,1.3033884661020618,0.7303994248690435,8000,True
1.16719313125037,0.6848666743222869,0.9131787746757805,0.6337378834283107,1.430176418163219,0.9324282522539509,13000,True
1.072588172359813,0.5972545014477111,0.7316625412147552,0.5837058687718054,1.4664193048016934,0.6071660740868605,7500,True
1.12617857508035,0.6953605992826275,0.6816907701096138,0.505681713314922,1.6506111884928532,1.122151295446384,12500,True
1.137548918148957,0.47959117183904654,0.749550488993896,0.4045198002967243,1.2950056171685511,0.657019169897053,11000,True
0.8874246729920953,0.42304556516475744,0.601816041601526,0.2633095261394383,1.3461214999652533,0.63077303598734,26500,True
1.273722922896954,0.6623076555506509,0.8450339780508547,0.46557997067203494,1.449769454461944,0.6249820152867844,13000,True
1.1223013573801333,0.651733336527768,0.7896262193174112,0.6490016738247983,1.345730069440199,0.7659245120326967,6000,True
1.143485121387549,0.7868901787462882,0.8688498303767036,0.5558303087294858,1.6405094508245317,0.9631970916186527,9500,True
0.8522348541129863,0.6205369328430301,0.45951501496334357,0.4009881814856394,1.3067435334335356,0.6677171563271473,9500,True
1.2413891873207683,0.8857027255276185,0.8345546442728691,0.6410337994671398,1.5378170674359395,1.0669420024422163,10500,True
1.0813502598638831,1.0194730132187788,0.7533126595944382,0.7728563630943845,1.6217038959874182,0.8087402767452225,9000,True
0.9856223079332876,0.48973578978946825,0.6914030313012555,0.24703289210696097,1.4028192284403382,0.7691439279303736,16500,True
1.273702098923637,0.8835882291054601,0.8073858864356231,0.3883821676885279,1.4371234860340318,0.802494415783562,10500,True
0.8599640684768757,0.5335035020255248,0.5300294919678777,0.2947777637222348,1.0946425873856918,0.5399716773713634,13500,True
0.8457888751493833,0.40453967061025375,0.5041217318823962,0.2398435926546595,1.1745102543981103,0.40581475477395723,18000,True
0.9512726156382054,0.44404111448023853,0.3679459658698201,0.21981591201135647,1.373442903516101,0.6939534608336859,12000,True
0.7921896676490182,0.8877425283892351,0.43628942813371435,0.5903482543543259,1.2533180297815198,0.6882001994880125,22500,True
1.0010498589928378,0.6262277650884898,0.7181012977559555,0.6767989347741022,1.4199744479909147,0.6408344661002376,-1,False
0.8583662691098921,0.33758916804165673,0.34188272611552206,0.19189333369035078,1.1078042023084023,0.4014745144927337,21500,True
0.8075814968388437,0.4839892477316211,0.5915080858738919,0.3204499283997125,1.2015480811872654,0.6374577646767496,14000,True
0.9239979169035433,0.40164751467064275,0.5297362980779301,0.3783295691073521,1.3573489427575904,0.6981400512938927,18500,True
0.8622782748344933,0.38977719702377966,0.3485152645880717,0.22498432827591622,1.2917296561340346,0.6731431326561262,10500,True
0.9891799954397558,0.682083394818199,0.6720526704111482,0.39298056261428893,1.511640662110341,0.7090794918513648,12000,True
0.890580579286871,0.2981727681548595,0.5225119666803218,0.49835030496449095,1.4983476204657704,0.6245689748276987,12000,True
1.0120196361722704,0.6404887473478524,0.7730922864832216,0.5106004689078016,1.4358453771255308,0.8429998101715606,10500,True
0.6931120312897171,0.2028661498304783,0.3799605743599045,0.1808884334604127,1.185860237425396,0.38544416864804093,17500,True
1.0161462449446437,0.33098140018225186,0.8417576007757641,0.6282650984768784,1.3451832434865316,0.42009702633391244,12500,True
0.815857328185016,0.33394371452888155,0.5550287945596256,0.5252932256325812,1.2563654226191214,0.6695282457997063,12500,True
1.3704317630400964,0.784470230743038,1.0084228622961593,0.688792855268003,1.6834109756709146,1.0669485958872857,1500,True
0.9663386898745466,0.8535105600782513,0.5996772078349767,0.5587658159852447,1.4578557860421422,0.9089557184767499,13500,True
1.0143753300790672,0.6634077919014091,0.6512085453836811,0.442370782578984,1.4777009558025205,0.9187446816347121,7000,True
0.8271178524831636,0.4116708860771389,0.4945101605591281,0.39739840530845216,1.3271875533939723,0.6640878393922186,11500,True
1.2215774428144983,0.6106426418050284,0.7646031280639679,0.309562578694275,1.5772276351458852,0.8827568607643063,22500,True
1.0660581903844413,0.32383427730857595,0.6984980012760499,0.3340018012012181,1.2687587928408957,0.4398165104632728,16500,True
1.2195181430086341,0.600935189213712,0.7296868777345049,0.5795468791955779,1.5833685613090058,0.8026519515608546,11000,True
1.0986322635559087,0.515224670057398,0.7263161092998988,0.40692346249283495,1.5173967231142764,0.8211067403738942,16000,True
1.423825541598124,1.1121473348986939,1.0161833812186554,0.8628535901957515,1.7622347846584863,1.1932980354958875,11500,True
1.1430925529216438,0.5769326461084041,0.8698234079448321,0.4239637842765434,1.4992899646352869,0.7291036659618524,5500,True
0.8892220612513282,0.38482279566785843,0.6104048021256306,0.464393424732729,1.0938627031359023,0.5134701807057138,11000,True
0.9732209716826477,0.6194958966277521,0.7337516325405428,0.4974692363443503,1.3954601968606588,0.9222046827298067,20500,True
1.1273384651742455,0.862170033094013,0.6967251011151141,0.48735837112535363,1.642997321351342,0.9601089619377836,18000,True
1.1073096691051043,0.8413362251209169,0.7627576938503053,0.6206080471206967,1.6316300785920186,0.88412521143195,14000,True
0.9206933595716912,0.5652153220581354,0.5778605724519906,0.4784999623340079,1.3432995432310222,0.7150511903857859,14500,True
0.9877970766500813,0.8205525581052173,0.699887408093707,0.5983601894964955,1.5521503466674198,0.9716725375747206,13000,True
1.079163375078904,0.7146630799183671,0.6386736508448149,0.4327083833100223,1.5053062870670906,0.7938413580840276,18500,True
1.0919197516156463,0.4710500056358499,0.6501128881483555,0.45247622005376,1.6066984219090994,0.7332689527650486,7500,True
0.847177851065298,0.44694160702804475,0.5601606073295529,0.29616880125569284,1.2950549182297402,0.7712699200130897,18000,True
1.0277219947731586,0.505737134695614,0.6089350686580225,0.4482509380442215,1.4495443832283366,0.8071417601808873,15500,True
1.0375712693723074,0.6734741282052094,0.6336370348238153,0.42387029061991366,1.2376708940017203,0.6618346738108758,17500,True
0.9450335964122676,0.3937259026200158,0.5422063813599418,0.34030701443686956,1.337470273453495,0.6973096630264739,18500,True
1.0581197447243555,0.5940618861284475,0.6168437013437316,0.5095192291645689,1.623616853441527,0.9181142345708329,14000,True
1.0825562056936087,0.7369944268359203,0.6128425428446223,0.551263065632166,1.6077708422729684,0.9996430711438247,17500,True
1.1005893713228925,0.4595069460500848,0.7052691202816443,0.41406151509167505,1.396627589999559,0.6831459483755096,14500,True
1.1422292099216718,0.9564892275247291,0.8030258399713572,0.5428635670289768,1.5655997868267428,0.964108573526548,9000,True
0.9082334378004804,0.4728639938053273,0.5360608912228106,0.4358104026323106,1.4391308721616998,0.6518322839624391,11000,True
0.9225120858229854,0.6791191006812602,0.576071089862067,0.5836441945603775,1.370560382904149,0.6925541713717838,5500,True
1.2262229605010406,0.8062316473241423,0.7911918607909518,0.4310445576954165,1.5052065525611944,0.8222050135148011,20000,True
1.1793133782063399,0.5150277722556548,0.8283907288236751,0.553949738529073,1.531715118133129,0.8158357710516976,16500,True
0.8099437528762063,0.46038696145048297,0.556641651975805,0.4316611984120961,1.259340140883094,0.5467636063112431,18500,True
1.138939165832905,0.823839152854395,0.6807765700838013,0.5587305419992213,1.676275316978287,0.9873321663284302,14500,True
1.1463564373063737,0.6168658275160832,0.8006564522465034,0.6794507801525809,1.65119336630849,0.986821702379106,20000,True
1.0189405760485373,0.459747224972494,0.8089790510889615,0.5434632363561562,1.3547759885807182,0.4295766462057627,19500,True
1.0520977947938879,0.5665766588192971,0.909296531421922,0.31996508034739557,1.246264829312587,0.5108976240915092,13500,True
0.9320144739285722,0.4131058637753781,0.6346901524553045,0.37795556565460703,1.3809971841580884,0.5968292645013892,9500,True
1.0410486053463526,0.45055300865143566,0.6699117686092232,0.5291558653263188,1.3619787402857495,0.6253543645609823,5500,True
0.8509714210064182,0.5347857299495263,0.49410416923025646,0.45670696132134214,1.3694404586951123,0.7359599834535303,10000,True
1.3132566373013994,0.9725390357377216,1.2434621988196985,1.0038969641549647,1.4569505162175065,0.9700317390978683,12500,True
0.953185862003532,0.6089402142759542,0.5635959167795589,0.4174819745681785,1.521936874875477,0.7915074538153566,11000,True
1.07436885403715,0.5427178992976193,0.5461035998712455,0.5832155136799433,1.652789631115237,1.0854222036831855,12500,True
0.8328024134371893,0.3410074675402114,0.38946405400682094,0.2813460149248643,1.3968214844879105,0.7387625048571942,9500,True
0.7350643976641857,0.3918932233773313,0.4313156315962643,0.26283956438078404,1.2413579828076349,0.47949631718519353,10500,True
1.085853903475716,0.547015053749623,0.6804996947958393,0.4222246574983182,1.5136550262607429,0.7945811165767738,12000,True
1.0802621135241572,0.470536618702186,0.7281603776725523,0.49760108847905216,1.397579294211815,0.6107343147232221,14500,True
0.9142199401021723,0.43214504654777125,0.5154551420812673,0.31973369620087966,1.465072614522454,0.725515630096982,14000,True
1.399449423374778,0.8421976527987182,0.86506746594858,0.5716918041713791,1.8090348619711234,1.2291165399827695,16000,True
1.0736677327302895,0.9590295699355249,0.9634496551563706,0.6798484981196169,1.551573555525555,0.7975892794384839,9500,True
1.3803226492173701,0.7775193670022815,0.9471758535747473,0.7176930052886135,1.733262828160053,1.027936616522466,14000,True
1.2230954442460962,0.5985816743134748,0.9745261597295425,0.5464744045430009,1.4923222106176228,0.9518522631442751,9000,True
1.2280600314696526,0.6025672272617949,0.7020828454719167,0.4518074656204614,1.6213962716363552,0.9160552429592748,9000,True
1.164603386647948,0.6124684580531295,0.7647665531837056,0.5013116099669142,1.7403406296080013,1.0590246589631065,12000,True
0.7767161666250724,0.421836163007898,0.5469503468334614,0.3008762346281979,1.1521811957746841,0.40268186269020645,15500,True
1.0947905517756134,0.573197592371326,0.7327893251449938,0.6387679064835424,1.5355954318111225,0.8025239443100759,16000,True
0.8447518369237593,0.9254709318225314,0.531890322136897,0.3863827659666371,1.3229929692866962,0.6783185150521592,27500,True
0.9138438094498039,0.8083985018370979,0.5516448181033029,0.5558898238642412,1.4566061819855893,0.8248788439197069,13500,True
1.3058872657590173,0.8206995139098887,0.8175004848238342,0.6468986546773707,1.741023544726502,1.292636266598141,16500,True
1.1624142875676529,0.5309905636290275,0.9490529184286716,0.5137101097557261,1.502425026042173,0.7651219621954443,11500,True
1.2388617951785583,0.4989340186193061,0.8426364932909602,0.3402722212589374,1.5868432239667494,0.864531038162518,10000,True
0.9795019872718483,0.7246926057152143,0.6817222843150911,0.7979381329408571,1.4138676036739464,0.8480861254065981,9000,True
1.1255895825999893,0.6292238496140953,0.708365265938412,0.37137839124948047,1.5076054964016707,0.7027268770973056,16500,True
1.156315085646271,0.6738528763580487,0.6842727370652273,0.3811406684896966,1.6174286198246624,1.023975375026238,14000,True
0.9057834652732915,0.45253282554283025,0.5016756733330792,0.3617992157147133,1.4067067687794175,0.6418371658605742,8000,True
1.2035405815042175,0.4911787181571392,0.7937252724568776,0.3576638984850435,1.342272105749752,0.5039882776351617,10500,True
0.9622696126851393,0.4458994196725375,0.6767827537349675,0.39134388356972294,1.5279896736350644,0.9010220006417599,10500,True
1.007351551785268,0.5435588696974742,0.691354766281071,0.39986619560089026,1.5083338951718344,0.8260965108771032,15000,True
0.8952285530182595,0.32612708941603175,0.5299274800305522,0.43854994968923366,1.1606165766619818,0.5518030820089894,7000,True
0.9859485801245016,0.47216671515377046,0.6368234661640193,0.38618835600259704,1.3984111542559683,0.5298567641977485,7000,True
1.1443779389380244,0.8762827478021297,0.7682302710802869,0.5956887685242066,1.5331449479491108,0.777848136401253,15000,True
1.2050428967624198,0.8619351059233594,0.7730405316341739,0.5854446693735085,1.7697124482550577,1.2224084493742662,14500,True
1.0719192281962064,0.7122401152404046,0.6595760691167344,0.5007103272079523,1.6020211794365697,0.8933028863312833,19500,True
0.7764848172952593,0.3575181086360697,0.4609523566356681,0.4565821848301322,1.379271460275289,0.680962458562293,8000,True
1.263057209282973,0.5274618414457151,0.9122484964599192,0.4668164052724166,1.5128365367524481,0.8043336485733852,13000,True
1.064644624494081,0.5693863722421149,0.7005915427170211,0.5669992799094375,1.1678500904092703,0.6293127094433073,7500,True
1.2551407030060395,0.9219935182098463,0.8312072588635245,0.555964302013456,1.629098288364333,1.0956576546250776,12500,True
1.0039743484124497,0.49655905129363037,0.7035718212668467,0.4124872138156385,1.4373645915500297,0.5935663397306077,11000,True
1.1727866069571966,0.7838124114536734,0.8544827841244347,0.49819356976766105,1.5648663725081309,0.8318780182754357,26500,True
1.1420617329166607,0.7704942817430818,0.4896663889207041,0.7960115958239822,1.6301967447696937,0.9983700580618717,13000,True
1.1343002019325192,0.6299958323649115,0.7365173913128059,0.6686910958654427,1.4587802941213996,0.7782013102987433,6000,True
0.9971995975407565,0.5328307447201576,0.7165256007068487,0.42960902807114576,1.5504205268573512,0.9449325022581361,9500,True
1.0740864639405716,0.647136219170803,0.7130018065869006,0.4760045766508544,1.438338373972664,0.6723244810080008,9500,True
1.1528032896973053,0.6250406615068854,0.7552651671561168,0.5712399487655606,1.6568844428546432,0.9981717298450876,10500,True
0.9851090051561582,0.8238342455132238,0.7680041041700898,0.46369505386033183,1.325962498113466,0.7355692047648708,9000,True
0.8216703455880451,0.3134693572141917,0.6851636880887974,0.3492974751977582,1.1984310191926502,0.3697023861343354,16500,True
1.08981086296811,0.39522326353862025,0.6996671663711481,0.3160836314143155,1.3676866572102613,0.6150068009096434,10500,True
0.8576825886169447,0.46515729612111145,0.49363221124409445,0.39607796436178855,1.5122038646539362,0.8568894054830903,13500,True
0.8456184031380694,0.43172683632129055,0.31579125276885367,0.2516293672302961,1.3195544349504986,0.8515461062520185,18000,True
1.2439539238635797,0.8525924064721673,0.8381558680934226,0.6072485879681313,1.6025531498341143,0.839573272462074,12000,True
1.095502860075085,0.7278601675875717,0.6922352423968583,0.5897291568434584,1.633228507025551,0.9593967551462874,22500,True
1.0305349614383246,0.4066005080312291,0.6080593999189008,0.510036067639894,1.4920059925474725,0.6980760920428661,-1,False
1.045557502662594,0.5918118632726018,0.7432843315956342,0.6588642194279573,1.3801098859091958,0.7489730125473192,21500,True
1.4287993346804997,0.7946482303142581,1.0852827697858578,0.6337134994280447,1.6342014099770399,0.8768599606276415,14000,True
0.6956964216054659,0.48709817956605245,0.48138182998295415,0.5043857222141526,1.1623352930771305,0.612614968442559,18500,True
1.1626164376281638,0.5657938459471631,0.7403958004429799,0.45713398811786965,1.4353234767979055,0.6649317105757705,10500,True
1.0090649944536936,0.7511807875465785,0.6729296438335399,0.4777303371051031,1.366188685658964,0.7303791931793677,12000,True
1.128105245275028,0.7013844230209672,0.7619233196896393,0.42137001041124245,1.5245791726757025,0.8834061706538927,12000,True
0.9221319386061507,0.9073789338581622,0.5590557441550985,0.4351988073419588,1.454824523399186,0.7298709133093043,10500,True
1.0229948352581797,0.6566408446586111,0.64092786709225,0.6344104919994671,1.6419425203262443,0.9028028885156341,17500,True
0.8139836726525386,0.477289689137317,0.531520578798417,0.29858543981625474,1.4572428123481658,0.8043180878318525,12500,True
0.9700671433408135,0.4979930174966186,0.3710844453506938,0.28474697424954093,1.4287079449731848,0.8251306801433405,12500,True
1.1077439050407252,0.4366586378497654,0.647491782943924,0.5358650780246236,1.2281339857390778,0.5449116452231013,1500,True
0.9640742166918994,0.6188918779663614,0.7061316840593195,0.4071318169355696,1.3489710346820023,0.825538120468948,13500,True
1.0630891393481974,0.6330556895111,0.7700914450048557,0.5167121179733194,1.3005981338630883,0.6354727760327931,7000,True
1.1018621386242906,0.5136906276544698,0.7744372951892654,0.566919181419079,1.2390408952571719,0.6434701295303114,11500,True
1.1243203216070665,0.5870279131842026,0.7480552430581322,0.5369536022718804,1.5530901042068503,0.9577924691444062,22500,True
1.2185563686689658,0.5342401208638644,0.8219197843540325,0.46634408446943204,1.6046989254158186,0.742773043812654,16500,True
0.767364516212509,0.4320238719579163,0.45634028804658394,0.3361243410505431,1.1082085351315012,0.5135973365889754,11000,True
0.9982122342269807,0.903820587783639,0.638253273092271,0.7072891564240995,1.3869068832428102,0.5742528143358894,16000,True
1.0291462931892412,0.8732799072413545,0.639133016295175,0.4816463266307672,1.5640702637124724,0.8963750904594174,11500,True
0.9804255860129832,0.513377424142874,0.6098926426321979,0.3765728022858535,1.4577922935573626,0.796008596847928,5500,True
0.9387462856871743,0.6453692577436526,0.5804063101045596,0.3981717772664882,1.3496302223056473,0.5394520970988214,11000,True
1.099825513966556,0.830516199480856,0.6639987664646603,0.5298076644440346,1.3551364490567257,0.6693287279923292,20500,True
1.0006710343055518,0.6039864518743602,0.5497599184255926,0.3949800710220099,1.5456279256207501,0.798132260825407,18000,True
0.923881361173913,0.6919643835600047,0.5881498089182748,0.5882766216136147,1.3364055654333475,0.7712691713039819,14000,True
1.0150476374862836,0.5733357429527455,0.48645898100094637,0.41522272627445245,1.4636191940677155,0.7904865679092145,14500,True
0.9242914096003707,0.4112315901588176,0.5660221906913583,0.3429424120006572,1.4817920985164807,0.8531079931293601,13000,True
0.5803134041663898,0.26782333346407544,0.4325558992057391,0.2736886843830178,0.7442298160696118,0.34101837994428746,18500,True
1.0113507806720492,0.4549528499512879,0.7009001804949998,0.44237870617711783,1.3267373897526642,0.7008879574862372,7500,True
1.1102284733272958,0.9402052232407616,0.7831475739757938,0.6434964861720502,1.399356035482592,0.7267446406814273,18000,True
0.6721784538257186,0.5406014639391361,0.4119843826879479,0.3344211171326067,1.1028165191984378,0.5174613021062104,15500,True
0.9890557331972007,0.8072902749633181,0.6635437223322357,0.26782019223048625,1.3752297426586582,0.766877657625267,17500,True
0.4706001737708064,0.19682818075581593,0.30832334172837134,0.17021554785837356,0.8075382985800225,0.22109856787293958,18500,True
1.09666856685763,1.0094309234434407,0.6174124490822064,0.7671153413294826,1.6830322689836636,1.133345751439819,14000,True
0.7398179334744341,0.4708655640868931,0.27783564403258465,0.3412260290880166,1.2899286566538988,0.5865323466155341,17500,True
1.1794881174226253,0.5943713657021888,0.5785597729402162,0.43012411508453524,1.6446815172338336,0.9581002967081969,14500,True
1.0586689872746613,0.5255543156137117,0.5043993025910852,0.42969224377427573,1.467346552714971,0.6359948277101344,9000,True
1.1600985750724053,0.6030826909737086,0.6759791007360304,0.32349396567243416,1.5406671156305438,0.8406187648110921,11000,True
1.0978058922851284,0.4712994945525382,0.5638603948100044,0.3966092426592704,1.2175133896110237,0.5552621191022475,5500,True
1.2563425236064318,0.8680850385760966,0.8550836295079074,0.5960513330579734,1.6536725619588573,0.9942688389193579,20000,True
0.929452942434175,0.4444335377655166,0.5254938788753478,0.3048482469267274,1.4655835272397897,0.7230170867619932,16500,True
0.9263511582153271,0.9626649533761039,0.5888550211228224,0.6386251568977641,1.4017873891613153,0.7966089519238566,18500,True
1.2113168715557512,0.5931872545585858,0.7881291787489522,0.3899920968027629,1.5405230483656056,0.8719036084912892,14500,True
1.2716673591895318,0.949841540298402,0.9589050615653687,0.5898569788722358,1.5868789863439727,0.7811391676851391,20000,True
1.231041319331698,0.9744376264279901,0.8548431486332904,0.7618246422694697,1.513325838249079,0.794264884494304,19500,True
0.9945819563653838,0.5593912703475337,0.5844781911176592,0.4480568257206738,1.6985669133950836,0.995557261389596,13500,True
1.1905519543048544,0.8195441152729983,0.8768021813297162,0.49555388216053414,1.6256925697150342,0.9877827970048618,9500,True
1.1214938348398378,0.5908201920288838,0.7632200446869243,0.5421661826715367,1.4905439410502042,0.698308648221436,5500,True
0.852152499922949,0.3250446415709791,0.46330101502420756,0.36451625236066093,1.131386717613361,0.4267868270869439,10000,True
1.3969597735035146,0.6830600316997792,0.9778927517600257,0.5271364104360514,1.6097146692490623,0.9152609453227634,12500,True
0.9619462686783367,0.7004460167920592,0.5706678960654613,0.7940956130370812,1.486193859323619,0.7401916300314481,11000,True
1.0490732980119142,0.9635673957844441,0.39205443493277725,0.5470271106481019,1.663314236399943,1.0577873362315522,12500,True
1.1632267893675807,0.4818713939251185,0.7461272015885901,0.3837913294064707,1.5418880403386668,0.7354842803861275,9500,True
0.8880876046076094,0.7360439736192687,0.5496733893933556,0.3242963442797721,1.2933832786592956,0.38742614179905754,10500,True
0.9936927691549289,0.5295061100121252,0.6161070540441712,0.4782496717983982,1.5693161445015675,0.855931130713671,12000,True
0.7181217021196342,0.181396880278883,0.5445837599016045,0.11871312427678202,0.9753698544034457,0.24994311781978004,14500,True
1.168373969944357,0.9912265857630831,0.7303765243469126,0.6611910373313686,1.5248734399287278,0.8859372770693754,14000,True
0.7399682709521171,0.27235399461480336,0.3447174380845219,0.2684197210319636,1.4208880887092716,0.6181443387813961,16000,True
1.014765758683349,0.5659046562756945,0.4917230967544431,0.39320895730184285,1.4547006723892089,0.9923881606273413,9500,True
1.1196926056327507,0.5048026756322437,0.7386254333682916,0.4737696793277583,1.5522120088707894,0.8085926649046161,14000,True
1.2763395123969525,0.6513577584385116,0.776907304148212,0.5901489253665877,1.4894188372656025,0.8517003887934675,9000,True
1.037422130046269,0.5056414968206742,0.8882726871282345,0.5129656104717227,1.3542081871402942,0.49741357544671844,9000,True
0.9972422863746215,0.732420298335387,0.7784449011734151,0.6308820638740101,1.4588825880522833,0.8710577084858502,12000,True
1.1780068176948577,0.500664526427009,0.7902764434454784,0.3810045839232149,1.353168746181219,0.6886441379209507,15500,True
1.218068442065855,0.894120495363988,0.8943906296896564,0.6881727789616023,1.5907220237558581,0.8326939794478454,16000,True
0.8583443372376581,0.5483708878758752,0.5357171966159615,0.30260034860871365,1.2444478970534143,0.47692790974525057,27500,True
1.1932143085530782,0.7448175155992236,0.7297709868698832,0.47931698400329503,1.6830651462359343,1.1016296673052421,13500,True
1.1882071179611733,0.7473435464175494,0.8690994393940313,0.5571197409019109,1.3847780666071128,0.6848066136158438,16500,True
0.9198873967775543,0.4989232282428406,0.5544409165863791,0.4056843045893688,1.2932999068111057,0.6020769610633033,11500,True
1.1875875599518095,0.6011687900051931,0.8009310312561804,0.4207581066283742,1.5194783965224543,0.7394453368114318,10000,True
1.1285321300746063,0.4709112832031606,0.7224588557866379,0.4078765227966042,1.315340814371483,0.5246599055921295,9000,True
0.770682307892743,0.7745363523885619,0.4831127837479322,0.3424372042926806,1.269448450647661,0.577682521985431,16500,True
1.1414283451268274,0.8223637520864305,0.7154502393108824,0.7109362331628558,1.5968139238360288,1.0125035272832612,14000,True
0.9184945586058819,0.34756058520559124,0.5633850818195517,0.516646170041998,1.4212397710737663,0.6521464570122736,8000,True
1.0081227353489897,0.41550613759864125,0.3649864827190141,0.2594306410915746,1.3975049018988697,0.6360474287780581,10500,True
0.8605033043749648,0.33803523869051755,0.2913655239471274,0.18986218577850297,1.3571662615017774,0.6678006533796325,10500,True
1.0634142713638517,0.7940943957593993,0.6907964983170005,0.7305099333125504,1.5871296661775023,0.9058344343414484,15000,True
1.2092117804964164,0.739001304146285,0.7693573569784454,0.5269773171028044,1.7059331950888408,0.9433694957386,7000,True
1.1362863285666855,0.916117645146067,0.7423398345142798,0.5475855499456885,1.5352200978009298,0.9460254472860546,7000,True
1.2047860933947472,0.8073832279708233,0.8069253197810056,0.7445999604006268,1.423574572885311,0.8036879297707911,15000,True
0.9289929153325055,0.6534216145581015,0.5013246969929973,0.4347602617444633,1.4185156019778495,0.7255269237972268,14500,True
1.1927631649926957,0.5857380165478061,0.7957702753577037,0.614567310989139,1.531049609677814,0.8779436269978111,19500,True
1.0816717257829043,0.6497362051063148,0.6857281784812587,0.4476941953972282,1.5816366211877277,0.8800969251736176,8000,True
0.9144423364271297,0.8554222829709752,0.5872006039519224,0.5693305277778087,1.4814526171395501,0.819198535434052,13000,True
0.8229925503484958,0.7114920049509756,0.3784060181019764,0.4878058792243976,1.2413129958482734,0.6157009179493504,7500,True
0.8570082515161703,0.48675436867301664,0.520674330483803,0.45103144551847446,1.5002387394903565,0.8397140436995212,12500,True
1.3267499460689152,0.6068693335498653,0.9811211300487442,0.5785281796700166,1.627248711223894,0.8833983722957766,11000,True
1.0048556379875695,0.5506296851489317,0.6201532678236886,0.5032096050904302,1.4950158732058338,0.8856001467608372,26500,True
1.1952714774093813,0.6368217840929165,0.7844407264228161,0.4682572114963865,1.476752692844249,0.8522896156419161,13000,True
0.8915128855484405,0.5350675513316961,0.5567955986193367,0.422127721094871,1.4517837222988361,0.7679543006104144,6000,True
1.0647817031610116,0.677984278935016,0.7563379920737089,0.5543747700347563,1.5311171149986655,0.7748678045427688,9500,True
1.0795915854016143,0.5413800559247106,0.7190312483351242,0.4174848763983576,1.6047345607243286,0.8525455758251128,9500,True
0.9221693613557804,0.31504815221931604,0.5601891720326369,0.24875336782482468,1.3511879461447505,0.6183766623652611,10500,True
1.0470690678479615,0.467949976598772,0.6022715652474632,0.41658127798752,1.2690850866425885,0.6061206206793075,9000,True
1.1445328574165656,0.751233598943395,0.7152136943033077,0.6176301131761678,1.120065594608113,0.6072502258077781,16500,True
1.057252286674318,0.46248763387261876,0.8730024604159297,0.6333542650682932,1.3338856825360914,0.5211340428554395,10500,True
0.982072312701838,0.752138361400686,0.5063945730014119,0.5637969821658211,1.5653461024612518,0.936235020643443,13500,True
1.2587168574979826,0.6972776133815367,0.8295476672925955,0.5870299316782758,1.5318005466084936,0.8017698219855862,18000,True
0.9235712372872538,0.5362984434254636,0.6254217425671722,0.4337284251262687,1.2534532709912383,0.642613321613007,12000,True
1.1457313951084886,0.34413191752039163,0.7131740219199929,0.2813904466190853,1.2699364901206798,0.4838597226277755,22500,True
1.05038064534379,0.3733635957220365,0.6495616363297829,0.45673240605788423,1.3855114151033185,0.5527603886302586,-1,False
1.1165948882881884,0.6513759000951885,0.6339166214400634,0.390441922414215,1.3424725179285815,0.5717182555939866,21500,True
0.970651182198964,0.5778874689862192,0.6153846906041897,0.6285398124169872,1.5384571090058032,0.6855217302035744,14000,True
0.8061707321896342,0.3537182480213091,0.4749959367874152,0.29589363965698,1.3448172187767709,0.6414699643517281,18500,True
1.0707632671512586,0.4987914504699917,0.6516750168090418,0.4969911419528909,1.447175160117856,0.6972937091332292,10500,True
0.8534970954942278,0.3622273951181232,0.3987057253135915,0.33823905416464745,1.3956051228976956,0.7184451467141774,12000,True
1.0890630881898182,0.4577263701294087,0.7065828504484799,0.6139968551042458,1.4531059673740647,0.6515226858185481,12000,True
0.9426534956450933,0.8687946518568526,0.5209372623915254,0.49060379393250625,1.4367825857898615,0.8318619024283814,10500,True
0.9818221059124469,0.3810909606093249,0.5335833877281896,0.28052747887921387,1.3426176924091313,0.5316632359525607,17500,True
0.9106722803069183,0.3406659266640832,0.608989406108967,0.2600621137132303,1.3572976864986932,0.587500752719182,12500,True
1.1443357873320679,0.7660323270568256,0.7623777578911106,0.5925759305223786,1.5372554070520226,0.8300745201414593,12500,True
0.9968395996731553,0.44230374344895096,0.7245249055756693,0.3978849084248841,1.325572087808677,0.5795749534719884,1500,True
1.142621266377272,0.7931079248370503,0.8137326447438882,0.4244208231010084,1.4780361168248655,0.8881787031161524,13500,True
0.9561615760745082,0.7004754451266703,0.5545268846324063,0.379128005070552,1.2237144944328415,0.46888135335955017,7000,True
0.8845988708123836,0.4958755497087941,0.5790607885776938,0.5531648662502374,1.2907695719111567,0.7352072036876083,11500,True
1.0246718997994992,0.707820853570222,0.6280361542816264,0.5975919731010891,1.4824256656419779,0.8345681245782464,22500,True
0.9611553931530408,0.515640185937742,0.5397566480156842,0.5592171920427289,1.4397754055875283,0.6502446530513132,16500,True
1.2310574345443335,0.9060732008378658,0.8844451405645838,0.6908310995219179,1.6009234784954445,0.8044569036558709,11000,True
0.9770168016436725,0.38423121509458785,0.6311382808489236,0.33143744567715955,1.208596465191584,0.5258931185860536,16000,True
0.9153619208442274,0.6689447398314119,0.5308312705433005,0.6077125939890622,1.542291218739312,0.8639302814694846,11500,True
1.2188999988902476,0.7940876800616157,1.0559081837648583,0.6252770661699606,1.41309529044947,0.7509430588240014,5500,True
1.3714698043573619,0.9392787391278661,0.9295144263310418,0.6415685506675081,1.639202144585242,0.9967674307632685,11000,True
1.1117404969187026,0.916686955586505,0.7634471273939588,0.5484839618439603,1.4459332931763942,0.8272388656947647,20500,True
1.031174103927891,0.5046312860279857,0.6715084959280024,0.34143755586693403,1.4282552848630299,0.6413330108983963,18000,True
0.9609813829685722,0.8174417020877941,0.5927208718061752,0.4403668501466506,1.3201575172800324,0.6907470829664561,14000,True
0.817815510171952,0.31602109875651163,0.413391978525012,0.21540802393334138,1.3629266484154416,0.5835607902101733,14500,True
1.018169390047516,0.4018744550314883,0.6428431547193755,0.3629436632375545,1.417598353640405,0.6282834163558194,13000,True
0.8500161887144214,0.5700601202428929,0.5572647248634917,0.40201723343046,1.3878448036989715,0.6196350580967481,18500,True
0.9905266796727522,0.4488873059583191,0.6521432041606382,0.4002926988458931,1.5335756024330829,0.8633626602248519,7500,True
0.9159633148439623,0.4909618104824236,0.6776138345764594,0.4526043746086378,1.2039426788713212,0.6108649477380372,18000,True
0.9513481816215481,0.4405077164352223,0.8154201632134305,0.3096748954719997,1.1498956235274262,0.5542088262598224,15500,True
0.9087745633757258,0.5312788078034674,0.5866891808818308,0.32549014237077617,1.4271806557470565,0.7059931201861651,17500,True
0.8497563353412485,0.36748841971751983,0.543743742373421,0.3993376008891361,1.3512835639914087,0.6828186661760993,18500,True
0.875840901037393,0.7173235154596742,0.5752101275266601,0.4603326223196607,1.332922290749602,0.7003594809535247,14000,True
1.073212439964572,0.5365943772663224,0.6243348477667198,0.42309839833260493,1.556238046574649,0.8854415210136948,17500,True
0.8898295249156744,0.6846940265921977,0.5288980949030604,0.44691608001495975,1.4338356652177293,0.7021596052171072,14500,True
0.829098760277859,0.682000876431347,0.47632449899575924,0.4916414815664705,1.315336776041062,0.5223687044247307,9000,True
1.0149143360944743,0.472440647919586,0.5975007195741487,0.36360752821443676,1.275626475185602,0.32122759868445555,11000,True
1.1791538473836514,0.9229376007007728,0.7607063380545833,0.690969995303131,1.7581313818307414,1.0781774365173002,5500,True
0.8815654059014705,0.37106950166617275,0.5504547445084477,0.26169416312999916,1.4832838831962971,0.8356986055799738,20000,True
1.2242075225058136,0.6163478297052625,0.8416246030342541,0.4926981880761785,1.5870500433805605,0.8485895786029365,16500,True
1.1326768103114546,0.5493834256241341,0.8968975664900865,0.6742486331510114,1.3803533494164373,0.7054937072245193,18500,True
1.367132985365863,0.8331038206185821,1.1165571522166065,0.718435384483321,1.6684973916667774,0.9585146956214438,14500,True
1.2751696867375892,0.8554199257442201,0.9373578031303207,0.6989789287390151,1.5332078040456913,0.8879542964855467,20000,True
1.050356359583203,0.7526692672787638,0.7186882742169673,0.49653707726146346,1.4138575686683532,0.6640377249447695,19500,True
0.9152543500646775,0.5135377885328712,0.5690905499910551,0.426831376949861,1.4929315283097784,0.9373623340338968,13500,True
0.9562869885934765,0.4871383340482297,0.5812187173393691,0.3039086152441923,1.464209836532353,0.6269545479216139,9500,True
1.1309787924713017,0.9219318546359039,0.6858685125045946,0.6181367166651478,1.5579409042757402,0.8104031814103865,5500,True
1.1865633466623813,0.6238658665163445,0.8923566143428967,0.5951086219910106,1.5633631981525586,0.9094049126763318,10000,True
1.0700804141312912,0.47392912405750726,0.7297925917848952,0.5887063191320425,1.1999367926013775,0.5969452240662273,12500,True
1.029952913400949,0.8151327843358445,0.640624134158536,0.1843412785906571,1.2660313154332394,0.47903626992621384,11000,True
1.1571233831703338,0.7786106073650187,0.8032869094526293,0.6218574061745711,1.573036463280315,0.958092687014265,12500,True
1.1172055597917963,0.9047551588987313,0.7013508507006295,0.4830458273941113,1.3688946995898073,0.5884706088612803,9500,True
1.2029365852010507,1.2956761561870715,0.8846055783352192,1.0094662079948948,1.7556660718006103,1.3982765455836714,10500,True
0.8617774525091808,0.40224066308459633,0.520147105655946,0.31329270318410246,1.326362102506843,0.6476553896234767,12000,True
1.0090952968328322,0.7293939538368333,0.6855706732557539,0.5852709737549198,1.6816146060679582,1.1216355425835842,14500,True
1.073091433495615,0.5693198043935,0.8550425204647014,0.36973098180281366,1.3028883983750221,0.6812954713238157,14000,True
1.1266202953016335,0.7340231207959984,0.7678943592296728,0.4749210542349997,1.551533703122079,0.8146434802019031,16000,True
0.8834812799562789,0.5646120939052044,0.6136718659582152,0.5089588448519157,1.412488115309318,0.8962131068819841,9500,True
0.6956230331972704,0.5754141319921349,0.46030473186094606,0.27646971591373426,1.0504409006709519,0.43016500202504915,14000,True
1.007498584985803,0.7035344951934125,0.5590799959948838,0.5909399718464633,1.4453904340011137,0.6895360698850632,9000,True
0.9001617559630608,0.9759569417203043,0.5516174956600125,0.716591060783518,1.5047450779636358,0.8769072842239718,9000,True
1.284696920105586,0.6201741763676766,0.7995740132348206,0.5824833429256104,1.585947712355678,0.9367637108909244,12000,True
1.2097436838443152,0.5066802522583221,0.7638445119237885,0.3925386712047273,1.4449222629498144,0.6536754601840352,15500,True
1.1283629664909136,0.6849437354784019,0.7251239509960702,0.5131161596959475,1.6957325004544435,1.1929995788220837,16000,True
1.2399053321923914,0.6841263149801006,0.8853456933900002,0.5419569438954017,1.593695592836892,0.9913307753967392,27500,True
0.8263829045400868,0.4443222272046532,0.5133763165973924,0.5370053060516042,1.2548660290448366,0.5178733512035537,13500,True
1.1355154201949484,0.8824195104531286,0.6812020971919862,0.5826227125525018,1.6632948709845041,1.055235034191388,16500,True
1.0477730330231505,0.6385943816151043,0.6605190884529134,0.4002130083082433,1.4933090950156966,0.7764159500365692,11500,True
1.2341723419730897,0.6440187162956689,0.928803045605384,0.6094704231770892,1.5265562569446796,0.8559941755042788,10000,True
1.3454979743079174,0.7693488952191178,0.8921257761588386,0.5496922468160754,1.6291525747920885,0.9510515267737993,9000,True
1.018131371935978,0.4325666629075337,0.6856091896576277,0.4947717442005253,1.3359076099578913,0.5627820914185961,16500,True
0.8848920070277795,0.5331694957609979,0.3242298957459434,0.3285485850072737,1.2761670181043245,0.5869715656271126,14000,True
0.9275369587696115,0.9113313933833075,0.504709551857134,0.5197274095423439,1.544005689497241,0.8915291701338526,8000,True
1.0243084457952207,0.5260553469228361,0.6855730248848495,0.46747537405486145,1.5764788361150954,1.0478350842247708,10500,True
0.9304720436805334,0.3166809067369626,0.6029096072713255,0.27153906352914425,1.3012856002912614,0.5641606369482935,10500,True
1.1305074191240725,0.6317767071115329,0.718726293225202,0.7090468165902002,1.449237315499457,0.8440030976697361,15000,True
1.1801084486074997,0.5495991004459331,0.8583061420723767,0.47841317177428566,1.4982225452211506,0.7769030244638079,7000,True
0.9420044934341831,0.5783204028034243,0.5791152455931038,0.6543272211962492,1.4472881745227137,0.7516892708052548,7000,True
1.2703853348936707,0.6833042437277148,0.91064503353223,0.5396274303493013,1.5825735718714216,0.86384001294639,15000,True
0.9909643126316521,0.32706678288741925,0.8095168964496084,0.2813484625765885,1.336320769055507,0.535823619461427,14500,True
0.9642626286248245,0.5752495105814732,0.6282659117565557,0.3719357374720103,1.4365387039919393,0.6795367997054524,19500,True
0.9553067247090936,0.5865700989504214,0.5137608038155672,0.555057476567846,1.6095188427828244,0.9344189613819718,8000,True
0.8163263159388702,0.7493030830205903,0.4688247416262489,0.4942643761364038,1.38052692398189,0.8484052086960601,13000,True
1.3880183728380129,1.1359580494291284,0.997974218481434,0.7335380107680404,1.6164077879250764,0.9382541030801888,7500,True
0.9930671550259229,0.37391458659001353,0.6342384801897117,0.35721770521202856,1.4115678744014934,0.6975110112640796,12500,True
1.198471451658264,0.608229972896644,0.6220076128510155,0.4501025949825382,1.6425119125505463,1.0743368273312353,11000,True
1.044159357534381,0.9264616548097647,0.5689518478502132,0.605494530638236,1.6387248250319186,0.9132578223725236,26500,True
1.213376840130841,0.7412203032257296,0.7113377281353203,0.5080244534563535,1.6074789101073252,0.8083270322244058,13000,True
1.3084058169740647,0.6450891322085817,0.8914294525940634,0.5859225148081484,1.5705292469773156,0.8033701511072442,6000,True
1.1738600252799636,0.5645003589458402,0.763117416291655,0.5340000280329344,1.6548511371227093,0.9048759303658818,9500,True
0.9594598119388738,0.6209606406183728,0.5439102497683558,0.3994903836530127,1.5087044201849373,0.8195792554464268,9500,True
1.1290876056590893,0.9294009312559747,0.7859305257577259,0.6100798398233523,1.508391117205917,0.8845248159631418,10500,True
1.1587100293916186,0.7782564395253855,0.7000356904907291,0.7140573450370169,1.50911094576754,0.8664960843369212,9000,True
0.9526673171005805,0.46442376018207493,0.5513732231375073,0.3273300927635824,1.53018561313063,0.73265734461336,16500,True
1.1312588916610362,0.47833547665934467,0.715135983068305,0.33873463303795043,1.4010883251504365,0.6189346573855807,10500,True
1.151679484387093,0.6933813187665084,0.769574245126042,0.4844641047518999,1.6683707178854192,1.038013148603272,13500,True
1.1284113412979435,0.44418390960978626,0.7232419890462237,0.3937691636660866,1.3779089763893675,0.7116949948904638,18000,True
1.0176229449883525,0.5054730268286446,0.5445072980862903,0.32439436736785393,1.5579080396326368,0.8385459543775368,12000,True
0.743605997222987,0.35899508954871984,0.3960064189410727,0.30263562768250335,1.2533935581562188,0.5943800705312366,22500,True
0.9550065045508108,0.5125484263198834,0.6024031124631721,0.45931190893483975,1.449206986847138,0.8193231080754018,-1,False
0.6764193817938537,0.3153812847982835,0.4675767597129433,0.23996880182581845,1.0406482577864844,0.47323964818673353,21500,True
0.9019954463271005,0.3641396955966528,0.3801843046014778,0.2888461546672727,1.3664026431060492,0.5912013320003937,14000,True
1.0788933525765956,0.7279263886127231,0.7682952514822061,0.3129675777021945,1.5331268979890136,0.6950011214999796,18500,True
1.2433688861061538,0.7092953671242276,0.8103086858522471,0.5108160913784121,1.6008365471719614,0.835696885757817,10500,True
1.0120596589120627,0.8942314602569161,0.7134183798917693,0.6319503794755794,1.3983773255094172,0.7364006883827304,12000,True
0.9751790435584857,0.643710811693601,0.5949212211546163,0.5886097221030657,1.5530360823250522,0.9051721523464882,12000,True
0.9054156249087083,0.5244875614799119,0.604470062166047,0.29476794441099247,1.2777236842662572,0.6327768285233943,10500,True
1.3794585095140555,0.8161490022550983,0.9323338985442688,0.6232153445372344,1.6338655121047474,1.0961544886191417,17500,True
1.046912754922093,0.6614527963893702,0.7602613708623859,0.5596728030644244,1.3439706775607168,0.5995169703694734,12500,True
1.0404955150514088,0.829591921141486,0.6414755007227209,0.6774027846580459,1.5414605249947415,0.9664053403278079,12500,True
1.0909467490180356,0.5959999276345582,0.9199215492852241,0.6875676770608471,1.4413140632919903,0.6259686051199631,1500,True
1.1361823542111058,0.44185179548871667,0.8043180597110139,0.5012234232216861,1.3532130663406838,0.5302999677963096,13500,True
1.0272645377336234,0.6190936484894944,0.6769259663810916,0.4805282730610519,1.5266055231176072,0.9333265490528739,7000,True
0.9729080841480806,0.3842991286015916,0.6607352072546123,0.39135029375255853,1.4106980451266136,0.5289707527324294,11500,True
1.1702711758444255,0.6166373241024924,0.7146544637094406,0.5632971217136171,1.5922954308875168,0.8946399675993837,22500,True
0.7621933143589286,0.6549695446392447,0.5161601416701573,0.45733863531276686,1.2867904981556024,0.6561891283777872,16500,True
0.9622649935001567,0.7079190911087787,0.6074076767118456,0.4548905931641825,1.2089237192660958,0.4094292229858386,11000,True
1.2563682388122923,0.9567698829105984,0.9418873505660404,0.7240928128984674,1.4447146323283577,0.7920791221027624,16000,True
0.9141772911051808,0.5906753641954032,0.5590367986098085,0.5031063261038444,1.446172610472749,0.8996092579548883,11500,True
0.8978136743739973,0.650286706759493,0.5140719994125764,0.4514179644099188,1.4096314329942,0.7701229990644367,5500,True
1.081363508225084,0.5260916440214314,0.9602487052049573,0.6353325903909182,1.3026592718331,0.5399813633204952,11000,True
0.6416740005478764,0.511735654878648,0.43312870881177346,0.6410695704691075,1.0969385834025402,0.4417645548976696,20500,True
1.1493268884055339,0.6420260497577024,0.7599380518493081,0.3162638893779952,1.3809459751638387,0.697986790833828,18000,True
1.2508062438488317,0.5912814356135754,0.9633100279661013,0.46131630581320193,1.542554462415555,0.8305524421849035,14000,True
1.0035766453067652,0.5734445697896868,0.8275770077706478,0.4813879697728816,1.3950022308319132,0.6881806518888626,14500,True
1.0534139304492915,0.6426742328070095,0.792350282923015,0.5987515610685223,1.5029664097679132,0.9528572819335425,13000,True
1.3740234078449738,0.7499161031387118,0.9686259477440469,0.557872419883973,1.7519453545670842,1.3032002549872037,18500,True
0.8434211044076843,0.8253668930339811,0.5984208108733132,0.36413672632836663,1.2731098923798037,0.5603908517707337,7500,True
1.2699451788419895,0.6762662341880193,0.7974003026475448,0.5367043613772271,1.5766042781395764,0.9176240151382755,18000,True
1.221300752789718,0.48043391833559823,0.6731143618005363,0.4829357841659101,1.5235664402016598,0.812749830305652,15500,True
1.0488356336648377,0.4170459230200238,0.6498085006975967,0.400705661894062,1.3374126106083792,0.4988939232345637,17500,True
1.046801882509227,0.6772680821946603,0.4063215105112469,0.36801952536088894,1.4264526821792674,0.859391425356155,18500,True
0.9314652755729077,0.4654028306479665,0.675343112632117,0.6802007914238428,1.4060260116250143,0.521846846515372,14000,True
1.176654510646282,0.4967797584629277,0.7425169389193557,0.42889384352746196,1.5532458789193,0.6977204676358066,17500,True
1.0588460282758436,0.888144795193448,0.6475167653965739,0.40037765214310056,1.464056941124789,0.8315566399000422,14500,True
1.0696080400340384,0.5894459468979601,0.6801655408248999,0.4908458953101081,1.3945616738473574,0.7846353275062077,9000,True
0.9333042042057019,0.5489685624333874,0.5509223111103559,0.3278599667935341,1.4813327027365584,0.78576705771219,11000,True
1.0337811515530921,0.46023238977282915,0.7151327759292412,0.3272755409992535,1.4779874744021448,0.718071636952828,5500,True
0.9806103362629072,0.6555958485688452,0.7453935028100155,0.5687793712513904,1.3946151069607446,0.7955294814934734,20000,True
1.145939597101654,0.4532928660480554,0.8481066399035777,0.427213894811045,1.5254658974113169,0.8786536751925503,16500,True
0.8240783538236431,0.5569959985762334,0.5147501761103679,0.3664316792844478,1.2108618191620313,0.5997546659976115,18500,True
0.9189893455800371,0.49845393704029795,0.36292584239748554,0.3412793911433337,1.469630932885894,0.7917882730517161,14500,True
1.1342106291986207,1.0164925898841684,0.7146211590607775,0.6469171939251195,1.6320730306845936,1.0219120423412655,20000,True
1.111233207645045,0.6328374298113332,0.6634674805286603,0.5337197980199507,1.5642558811084608,0.8485164582660034,19500,True
0.8341366309019557,0.5745914260763929,0.47713683035836646,0.2541430697424181,1.4367158199062284,0.6890996393769718,13500,True
1.2301787594372697,0.5986804310570127,0.8118253337888234,0.4745029588361669,1.6329135379854418,0.9782060067547287,9500,True
1.216315177595781,0.5616488252825039,0.7898687050866801,0.6414733407100647,1.588328446131404,0.8531501304254633,5500,True
1.0558742293669563,0.5185798841737537,0.6171758928665684,0.24724206585623232,1.4282053909632038,0.4958434409483523,10000,True
1.1574934481470096,0.6858937891117042,0.6166143661264243,0.37937093981059605,1.760360593230257,1.180131782141044,12500,True
1.0562566326234655,0.8043939037270723,0.7299912955280757,0.5556570828408508,1.506045577164187,0.77029587214832,11000,True
1.2690394041878028,0.9838664172626801,0.9182425965615095,0.7049136838527792,1.4860444950458938,0.8893432710616467,12500,True
0.9627421633027915,0.9681457497853173,0.621695769231051,0.6061388222911549,1.519948990653294,0.7805192519675852,9500,True
1.1236242681173447,0.7678356249571964,0.755378868743301,0.5088811371467403,1.6269731927777986,1.0757729933969322,10500,True
1.3084688199717611,1.1675314865624287,0.9635246304860989,0.8232510797971948,1.7643555353790745,1.2022397913220044,12000,True
1.0875586065326517,0.7549589995344441,0.6099946804894656,0.6384835042792292,1.2908298341301823,0.5632741046138172,14500,True
1.027596819444619,0.9051510413740498,0.669573058147155,0.6349953042348871,1.1968644597873384,0.589063150515718,14000,True
1.2269438386941223,0.5363550291102288,0.872140329959161,0.5651462346597877,1.5337621396156187,0.8510833977961829,16000,True
0.8446663808822563,0.32769888441033207,0.2831425320275878,0.29798819604339516,1.1537148805087245,0.5060252747259736,9500,True
1.122561553332994,0.9365448654001064,0.863963336799366,0.6784932133290915,1.5850793136426875,0.9550950187166071,14000,True
1.1104720692449286,0.49039361775945106,0.6176132608591086,0.3725843201819279,1.3632726244984956,0.48296080794293395,9000,True
1.1859115582627262,0.7139836272659403,0.8634532733039381,0.704174976394475,1.6309375363777114,0.951538949028107,9000,True
1.1600823879311186,0.4694832302620734,0.9445269885867267,0.43505795001279884,1.4936995224329976,0.5595358422960253,12000,True
1.1494575773472584,0.5030383115164891,0.801942762996159,0.4972195441185415,1.4491197346768505,0.8346899670773016,15500,True
1.1477529816224654,0.7792213445897763,0.7821250370908802,0.507742536484744,1.331498397592592,0.5917305269841746,16000,True
1.115062620700569,0.4562891598058856,0.836362921170459,0.44267323338608217,1.4750311318756488,0.667183761950846,27500,True
0.5570728501013733,0.35911339909290957,0.4540388517832622,0.3736563410233684,0.8773560281733233,0.4233503771250625,13500,True
1.078715566802254,1.020447975207922,0.6892059854794318,0.49000002758418765,1.5892540619801439,0.8844926614511899,16500,True
1.0106643484501354,0.8916669726795423,0.5387967205363812,0.5509915444236533,1.5087322484447503,0.8367248185915013,11500,True
1.0391242574574189,0.5255179444327653,0.4608844244302078,0.3310227593346252,1.5803953850540016,0.8697606141154517,10000,True
0.7304878130067908,0.8887562353166044,0.48361486812263954,0.26400272203845626,1.274836297755729,0.57835929101294,9000,True
0.9225268444887628,0.6360451194086311,0.6775701134946167,0.5632451219126688,1.2731361285090106,0.8503669353052262,16500,True
1.0282303191547069,0.4641444520494837,0.8605283978076452,0.4154137876912717,1.454857101986587,0.7058764258966357,14000,True
0.7951239177275,0.5935649559792857,0.38803371114893426,0.2456491929760948,1.2906377276272307,0.6445928333657783,8000,True
1.012686905953427,0.6304743274080596,0.6811228173287134,0.41477937906308787,1.372449821109053,0.7626685224856763,10500,True
1.041037712244905,0.5197481780232027,0.671259698960942,0.4407934509890816,1.3219018804999874,0.6609315031255818,10500,True
1.0351371621916274,0.4552106881304427,0.7611367852798411,0.40549636967132824,1.3606430732430626,0.7741544653904043,15000,True
1.0998828767331594,0.6256442724774756,0.6850442731214055,0.41978065217860183,1.3182130353526975,0.5444953111420859,7000,True
0.9978675920249668,0.47276716685376513,0.6411284939472424,0.48567519288884126,1.446043899015904,0.7046619727422471,7000,True
1.239809525884274,0.6174863862989126,0.811107586985311,0.5767880133933335,1.4724068811397661,0.7540369595153242,15000,True
1.1618093597398382,0.4903589707231151,0.7387481688642817,0.6972172092109399,1.4573677839943526,0.7018612895870664,14500,True
0.7941727280223043,0.7320302173748113,0.4827697955425291,0.5196694307576213,1.321312866870826,0.661282190291626,19500,True
1.1030441357983725,0.8680723467426168,0.6365971660289931,0.5605843657600278,1.524477766959908,0.6314534635110646,8000,True
0.8578242195696881,0.26694124143078063,0.3741100518788117,0.3389913929396859,1.4065553243583837,0.7195098368643301,13000,True
0.9465888267875396,0.44471638869333846,0.6468686585463838,0.4477759947312968,1.1437571500437473,0.6346675189590663,7500,True
1.0197484613498462,0.5456923925937925,0.5997134786511604,0.3950270042007564,1.4025567561728893,0.7401854399787594,12500,True
1.0604346254439332,0.7862776149592007,0.7562780162515547,0.5967742776807263,1.5062177324415098,0.9996321242705432,11000,True
0.9397401905387784,0.4792724876024518,0.6216163964265162,0.3637135542017478,1.4045927917739895,0.8137087932948761,26500,True
0.9971387856422631,0.5079739426133665,0.6011576213478725,0.40899143275265337,1.5994354916060127,0.9984784798942473,13000,True
1.1734159159110384,0.5428674454942501,0.9685778794482582,0.4217563252370179,1.558792100926923,0.6676906528619968,6000,True
0.9470238558054461,0.5254639467513511,0.6232832960856078,0.5042933571773152,1.227319238451402,0.730830517482213,9500,True
1.0218186581724877,0.37439756038109734,0.5691007725718343,0.47276928716750577,1.0668539170037297,0.45097706073244204,9500,True
1.3615035468181556,0.773711419477178,0.9809011544970452,0.662735999906398,1.6296650932621004,0.996590076440895,10500,True
0.930717652801419,0.7406028922672954,0.6405992306734428,0.4527083500921844,1.4132563375763039,0.921739621016881,9000,True
1.2176368225450218,0.7781520165438375,0.7665176649602554,0.49232388211158484,1.3177851123190751,0.5812171298980017,16500,True
1.065700080293923,0.5533815271071144,0.583942243826396,0.7110169363620518,1.4177998614786598,0.6625948853237396,10500,True
1.050006822237183,0.8295810279903408,0.7330678957875744,0.583630385377081,1.663874692076554,1.1311227439299414,13500,True
0.8990319753337416,0.5422574753148666,0.6386566465006015,0.4776216997266072,1.2804429452090358,0.7231559617531587,18000,True
1.3122505509569924,0.7980615341067611,0.871863226487441,0.6161909279343967,1.5749714458342519,0.7686242737671485,12000,True
0.9891414524805727,0.43449341604032427,0.5609776031005387,0.4062561463848164,1.2080660230205862,0.6061745160070574,22500,True
1.3102229659199138,0.8228590581281129,0.8895243292609064,0.5556178597543306,1.70785396547537,1.184599005158654,-1,False
1.2985383571906486,0.8401992522677094,0.9168077450931214,0.8338311489237233,1.6631116578923932,0.9466311453484997,21500,True
1.2163385636020367,0.8557147063356506,0.8778490754992674,0.5827830112121626,1.6470178694166144,1.1214293667592188,14000,True
1.1071801187129973,0.8042917167815106,0.7127946540042965,0.5124963037038169,1.6109694370636012,0.9127368977913154,18500,True
1.0799035035173234,0.7133213393017366,0.8176796177300284,0.5691830827625881,1.405191092775989,0.7657356310677782,10500,True
0.8846813176489142,0.5805292601333866,0.5318417739033282,0.564247956775612,1.4108703493867414,0.6557369282093375,12000,True
0.9189813197072101,0.48162128535305326,0.5334995172844526,0.35025157305548876,1.3736578290841397,0.6911156601728645,12000,True
1.3826147324396223,1.1017076630841742,1.042851961509438,1.0111870755114536,1.7122600661716476,1.2938933204071803,10500,True
0.8513801883827425,0.4762788085245273,0.5478002349010417,0.30914847881990387,1.3685502722603733,0.8029800588015376,17500,True
0.8081990540345247,0.40134324979935937,0.485375203277734,0.34935098714927093,1.1746804578769319,0.6860371730840343,12500,True
1.04766768024296,0.6301188593927245,0.7070531523364851,0.4434071521423585,1.391593901112769,0.7865308009515042,12500,True
0.975878298780577,0.7802656976137902,0.6614396595654496,0.630749740099366,1.4533279534128896,0.6542701061867232,1500,True
1.1102880569987268,0.4347507343001435,0.6751236071773972,0.40731254426628893,1.4015660279224973,0.5653641817179748,13500,True
1.0762756006909309,0.46807672428982583,0.6787838424267582,0.49385067368570024,1.5753448411799795,0.8919824536160798,7000,True
0.8928867521922912,0.41733718822100974,0.486824056104914,0.38835944667679745,1.3744935821646445,0.7035564003669014,11500,True
1.059375512961274,0.5197279496659294,0.6696029664284363,0.36445664219381074,1.3148101272225685,0.6610155926238842,22500,True
1.1021259162877193,0.4471496949069628,0.8564054081112439,0.49738514210480883,1.2641844812485203,0.6671349674754437,16500,True
0.9354431592847038,0.6812140540233449,0.7562132915447836,0.7205858951231731,1.2674704718632572,0.42140856611432886,11000,True
1.0178408829104684,0.4801985431157611,0.5028377339479165,0.35304425860163374,1.2698758408845232,0.7297377031879391,16000,True
1.3233669456623083,0.889902639309069,1.0827190210241748,0.5851592484566257,1.4971869956719241,0.7889334441125158,11500,True
1.1253985364492336,0.5668592809965377,0.8043444967331925,0.5951020716078155,1.3511982746243307,0.5804732541664077,5500,True
1.1455575765766672,0.49440287287203544,0.6737436342272978,0.37623685781593963,1.1811457109819206,0.4835974318854314,11000,True
1.158590187581988,0.6976610186607228,0.6062854306336531,0.583901470763873,1.5919959105347259,0.7923005162199546,20500,True
1.1017574917979054,0.7206661423914869,0.7043039353790755,0.5286473274294898,1.6655610465734323,1.0814988560152055,18000,True
1.0097083742506876,0.41096224192908887,0.425068751853069,0.27467680583595655,1.4956401205666754,0.7845648008629329,14000,True
1.021808503408859,0.46725473856016786,0.6449392914308696,0.32873607847055464,1.1874142684769158,0.5499141351716716,14500,True
1.0761654476308138,0.5255584613273622,0.5873568706305805,0.3853851636751253,1.6855844115562197,1.0585646338085744,13000,True
1.0578677943454617,0.5181266075495924,0.6001015658044042,0.42885343479402144,1.5436330935605238,0.9578627504822383,18500,True
0.8861502416588191,0.7189401926317478,0.5805951322049313,0.40304604989404347,1.3284013993375006,0.4741054366344686,7500,True
1.1517770982364286,0.5646569580030878,0.7142496700468053,0.5772446317721647,1.545940899121463,0.8251763163599635,18000,True
1.2013666887595336,0.5400115380977804,0.7851888065732928,0.4033042898993435,1.3696226402414444,0.4747903500824952,15500,True
1.2707325196601078,0.6233650877106126,0.8774827296678163,0.4632155203254024,1.4761346183114403,0.8683044370519758,17500,True
0.993288887803778,0.4414702063907371,0.48915889890262465,0.34353873264080487,1.4896711933266769,0.7870223334917753,18500,True
0.9974119056637155,0.4188768142577718,0.7159646027792039,0.41149219395688647,1.4655352198166924,0.779195830015081,14000,True
1.0573463375868666,0.6846633329473315,0.7219439991278563,0.5402458560583898,1.4716401091806877,0.928248507611006,17500,True
0.7890263244367631,0.35173945602226914,0.36009938587183954,0.22426526450875772,1.3397701096783576,0.6090180135283162,14500,True
1.2229556818726435,0.7131795142567257,0.8218929379592761,0.663340985732215,1.5983642235786515,0.987712455700922,9000,True
1.2378057449306241,0.7882938146218484,0.8924456078543683,0.7710092076753228,1.6675479023209343,0.9156850392926819,11000,True
0.951602935285251,0.380193297115066,0.41283216596308764,0.29645782070830295,1.2713871415240008,0.6475533807099239,5500,True
1.1327977728658827,0.8787749036805705,0.759414038082499,0.41156134012163187,1.5094915421049524,0.8652234947006231,20000,True
0.7592198574625404,0.9240330777311299,0.521236629376617,0.4487307992944527,1.2759314982151755,0.6593757306980472,16500,True
1.0442669017879536,0.5426087700977165,0.7030895268257901,0.3083885089625926,1.5810039692368136,0.8750567349697723,18500,True
1.0823622287520842,0.5815084120644709,0.7672645968281967,0.6495003372174379,1.2259492571242567,0.6006412128979192,14500,True
1.075525925504574,0.4427385313938576,0.6687348253858002,0.46982914426253897,1.1932547766636843,0.4954976669443613,20000,True
0.9538564365048363,0.40184127271709935,0.5625271756555145,0.26702624493867155,1.1581053737683318,0.48502490901966927,19500,True
0.9630873928077321,0.5008435123479609,0.7270309525376228,0.5016079142793897,1.4092509974430651,0.5749459579878858,13500,True
1.0049072111094053,0.5998324509742302,0.7925324171009549,0.462601871822579,1.4198237466702588,0.8764343276084926,9500,True
1.040768643284586,0.5557073958682643,0.8722909138727835,0.46410377358079297,1.3572071939194776,0.6862853207010667,5500,True
0.8169166653464698,0.5268582995736877,0.5481215362824812,0.3843506696083634,1.291488140931495,0.6831555435484594,10000,True
1.1377735941453315,0.8101084691776723,0.7207299194625688,0.49874992135656004,1.6877784384561605,1.0092865139708938,12500,True
1.1217470191667778,0.704907335787511,0.7654795841720525,0.6076745568748407,1.6073928082364948,0.9015588376559125,11000,True
1.0318958670640965,0.5737942236627555,0.6847809513914609,0.40098904106153965,1.4252512211929422,0.5960087749130808,12500,True
1.3928011939840121,0.6229365967649094,0.920207010299895,0.4440472739289512,1.5984434967928545,0.9450378964044615,9500,True
0.8116355020593886,0.4572020079470803,0.5241266523754019,0.3821765389661806,1.1901487082425541,0.5431122186447024,10500,True
1.3181242883437843,0.7010935302992768,0.8909353100966784,0.7425962087433726,1.6337774095685829,0.8525223962134687,12000,True
1.0441273523833103,0.7367293173493915,0.7259322318730784,0.6365834652037201,1.512360541962296,0.9720571869363913,14500,True
1.0128587311584651,0.7727130528235525,0.6871283057713384,0.4399815090559555,1.1372763349100339,0.5804661305227788,14000,True
0.7778030359401777,0.6717268621154243,0.47116185523794385,0.3894076970664401,1.2533905303514563,0.5375670982070803,16000,True
0.8800982089036283,0.4215646745094562,0.41034802769017054,0.379167159588263,1.303065249697975,0.6737252215511265,9500,True
1.2572955283010263,0.7282351423496911,0.6295413171396989,0.5332508112041893,1.6864394490863335,0.8947084791721447,14000,True
1.0785254893636087,0.4469493789692327,0.5553110284863495,0.42348722052364657,1.591540221071938,0.9418315970778119,9000,True
1.0194518080664725,0.6415871264190038,0.6057259331366387,0.47938507553873305,1.5719633567900113,0.9176022500300134,9000,True
1.003014257606994,0.6746040213688664,0.40514062618925323,0.43052462813608056,1.4628810513049495,0.8105391178577125,12000,True
1.251673645062091,0.7685382770272281,0.8827854618909887,0.4366673183477516,1.4301075673214638,0.755555587248272,15500,True
1.2169916684889308,0.5570429209386139,0.8144406783642243,0.6001745104734668,1.468089137819574,0.6055876829589549,16000,True
1.0627451825162495,0.6341239551104364,0.6841063881424505,0.4727750278608198,1.5545763781285358,0.8425654019417991,27500,True
1.0416708537030805,0.6395140954111346,0.7369309086640247,0.5638466143962912,1.3611457322438958,0.6026196547947598,13500,True
0.7300570744412739,0.45830338789399244,0.5244276988370837,0.38729789719217367,1.0864836058597387,0.662928393578524,16500,True
0.8244074357934299,0.4549487386213328,0.5738200688182444,0.3574392451043096,1.3112010613907825,0.6975198330383637,11500,True
0.726426883730958,0.39490950386736695,0.5207592397686065,0.36395297756197204,1.0236851258168813,0.49408179709979466,10000,True
1.1508763008991028,0.5625893859932767,0.5666211279833326,0.4779960370788894,1.509416177994186,0.896627512710899,9000,True
1.1047426896704515,0.5891311111013964,0.7512067983368883,0.5044934889400308,1.5158773589044205,0.7976055457302038,16500,True
0.915851748235444,0.4611267775138449,0.6358099350232702,0.41847239180405815,1.3639187117656697,0.6175547851603499,14000,True
0.9908477375757571,0.4373705661389523,0.6390491377498115,0.5022928316092652,1.2591725252629458,0.5231387348646912,8000,True
0.9711280899520646,0.37988919740473276,0.6562245653222929,0.3852429858750021,1.3655762968878276,0.7661160110217493,10500,True
1.2044528664137166,0.648826859599089,0.8127006910457168,0.5063837457142467,1.5679990986085972,0.8826362781363455,10500,True
1.0137685449992768,0.6041771971319354,0.6444199391646475,0.6489705785227393,1.509185671216573,0.676176227006438,15000,True
1.0925564455774175,0.7012240803295269,0.6956976373250595,0.6355556364382512,1.6958071024585974,1.0520077298497494,7000,True
0.7945833607498748,0.38334079928833875,0.4794546242619779,0.28626762508289455,1.244960993060869,0.6372539783767013,7000,True
1.061425612245234,0.574971951287154,0.6652476205426123,0.3825427015856184,1.1718782620801707,0.5846351724027313,15000,True
0.8668336676891552,0.38980161595526885,0.5836515100291718,0.3285708970602445,1.319359141161175,0.6452240074991702,14500,True
1.2817290245684205,0.6726072923514137,0.8635865668998084,0.8070174452812918,1.4520357481643396,0.7928575568461962,19500,True
1.0071205105973136,0.5950562694982615,0.671998792588665,0.3184368515243981,1.477808838485784,0.7743802508858479,8000,True
1.048631251497025,0.6324460961116526,0.7301162235286037,0.4847508768054374,1.383794871408573,0.49147094651841344,13000,True
0.8787913416791592,0.6674622676794771,0.5911577458166347,0.5854634029608392,1.5295387054162433,0.8227029439821357,7500,True
0.9443466932680874,0.3964282094904002,0.5472662035415341,0.3062961644031855,1.6141797260344941,0.8078594322681356,12500,True
1.0633037976357347,0.9375869661005092,0.7679652177138989,0.6473909144768403,1.3053100765598882,0.7837112702300781,11000,True
0.8872068603875043,0.6122670729816786,0.628871113183113,0.47430127813319456,1.432294639153555,0.7353508324731735,26500,True
1.234342666334009,0.6986378493863845,0.8462594307970236,0.6678189939588198,1.7597980082426654,0.9372968111076403,13000,True
1.0255442271942008,0.40865843270332175,0.7363777280556204,0.4566949226112413,1.361999871690094,0.7640718099934742,6000,True
1.0004324795282162,0.4292172435125738,0.5914597834795017,0.5019711423053972,1.3563906416796716,0.6026690593433975,9500,True
1.3569756392766137,0.7235452654518721,0.8700182653527793,0.47102424832708933,1.5975215507550737,0.9315075023282603,9500,True
1.160156585784398,0.7760220950372128,0.731912633749785,0.49961487739464394,1.5556117321765244,0.8870061208495948,10500,True
1.0770505993324468,0.743522584745816,0.7502008681809622,0.5775325906864748,1.2498882293484213,0.7961586314011091,9000,True
0.8135797821482146,0.41332073990446827,0.5520685147207027,0.37047562292492026,1.3686117903725683,0.6714027002249154,16500,True
1.087935359835677,0.5942842933035402,0.717298223768488,0.6593534006225362,1.5310892453208353,0.8004911184191407,10500,True
1.2775046463809634,0.6393523586222875,0.8923885431745219,0.5350088761178272,1.5625402950726293,0.865577878422654,13500,True
0.9926411145180724,0.4128969180086322,0.6039376098374188,0.3566858962305651,1.405704053690942,0.830198153172593,18000,True
1.02319302009413,0.45951032471630304,0.6641228699252932,0.3979644486516363,1.5517280410130416,0.8682895359595226,12000,True
1.1054520146932167,0.7000198025994925,0.6637384912729113,0.44871990689544444,1.6169460774293047,1.0295514337751406,22500,True
0.9818444437782059,0.505602246614115,0.6386443783285205,0.3410565054185452,1.56047563412689,0.8883335633725883,-1,False
0.9123397562157839,0.33734068436786463,0.6017480690357883,0.2983744897215734,1.2918460990515643,0.7098405932121166,21500,True
1.170964954759928,0.5142227636525128,0.7365214170349802,0.5116091753969102,1.584062709064839,0.9787306708776923,14000,True
1.234150203733012,0.6402543892610686,0.8597640128429052,0.6543282276207192,1.561923751497615,0.7318745205518449,18500,True
0.9669904585565692,0.40741381471013954,0.41419043450333964,0.4629065824393299,1.4799356161348163,0.7219252818320476,10500,True
0.9441358657616883,0.607175798600934,0.3678504528850494,0.545182293401901,1.5136672128240292,0.7579120065031586,12000,True
0.917971287508708,0.5595705064448808,0.6304460260223804,0.34428621032973583,1.4190913347027347,0.7751571627911922,12000,True
1.3309096412282424,0.4529576225616569,0.9109688818790419,0.501767187797901,1.4611941887745195,0.6448795453332435,10500,True
1.005983293871679,0.3707452393649294,0.7355922257593323,0.31451252171336347,1.3176386747585498,0.489778758452087,17500,True
0.8970007504212552,0.5026414697186115,0.43958458993921934,0.3652541930607716,1.4005684704939523,0.8327918168086705,12500,True
1.1250279201253917,0.9268968940626464,0.5731926212433252,0.6307353886041811,1.571173945440252,0.9840459852342252,12500,True
1.0245552755303005,0.8242159127173526,0.6146343924591827,0.3657265207512057,1.2960371241870356,0.5816167159344965,1500,True
0.7373855581239485,0.28364205769240114,0.40987379003399865,0.24446858283697948,1.1640057092120297,0.412788172295683,13500,True
0.9893148700991999,0.6282670765179744,0.7457792298852178,0.7106131078506123,1.3894542109522345,0.8520506991742226,7000,True
1.0020000084674008,0.43389216851865525,0.6403294674639893,0.365050905802989,1.1726554800309856,0.4928230466615039,11500,True
0.9088675034873271,0.42778970165809993,0.5911563489735145,0.34680393288014133,1.3933379076485743,0.5910683934080828,22500,True
1.2069526706096596,0.6739890115311447,0.8124435365943218,0.5438379471025401,1.5293350357682844,0.8793507957882323,16500,True
1.3085261469992306,0.7936257138399712,0.9258738224260974,0.6133447723157074,1.5822590053121786,0.8588505807574754,11000,True
0.98397049374239,0.46830448204424974,0.6377298187365318,0.5923749292691404,1.3867918715815777,0.6777322790283398,16000,True
1.1324890341839413,0.4859631724728232,0.8462060888345027,0.753533969351474,1.0789529963826034,0.5609930746451657,11500,True
1.2062192754498382,0.6589520735908466,0.8973534151238965,0.47809929392366707,1.4734104628548543,0.809812527629374,5500,True
0.99450697366265,0.8013216754660777,0.6207332288535727,0.3928944780106741,1.3984029263376612,0.7123812396957088,11000,True
0.7105190101443452,0.33293682476529524,0.3982683438437609,0.2388658693913932,1.171354310563265,0.5734826337184654,20500,True
0.7972536392615673,0.3163542078063522,0.5048539791134168,0.36914197536184684,0.9947561910925043,0.3661763091757155,18000,True
0.6019008675124511,0.35192573237049424,0.3725987592673663,0.1614997539376725,1.1284208172545669,0.35206479454608425,14000,True
1.0781137883312784,0.5137076265436865,0.7452918360795093,0.6529990084145323,1.2981053968493361,0.6910518759489184,14500,True
1.2686008291970365,0.5057469594569146,0.8246119450213242,0.28948722096212887,1.45180883981603,0.6952415143688946,13000,True
1.1448218476848426,0.4631487312256139,0.7457760993243596,0.34792890110835945,1.5243404843794983,0.737536039928181,18500,True
1.2905415720857563,0.8463844244605438,0.8741758160093577,0.5431535541174497,1.7165882854759034,0.9426136378177977,7500,True
1.2154877525746979,0.9928218486580059,0.9487572011299988,0.5237972660621067,1.4704499248680978,0.8516391748604808,18000,True
1.2812582153469734,0.6818751585236396,0.9197985360067111,0.659483016450118,1.4367867772754828,0.8051309634012979,15500,True
0.6082459293054968,0.31423979909353855,0.2797883415295518,0.1295224550041604,0.8731622401759686,0.24366385031633536,17500,True
0.9678665232447404,0.8381243912961676,0.6470138892341322,0.3968214475216814,1.368476890941811,0.8179791749356924,18500,True
1.1937589282159025,0.9167289289538048,0.7864023287621889,0.6117625387103824,1.6148772391256174,0.9163547742563848,14000,True
1.0219507464640691,0.6774621369694847,0.6498840533102924,0.4646763400417099,1.5869699118484804,0.672924495112712,17500,True
1.0206179866135368,0.949192472536924,0.7746561647086081,0.4899740075265225,1.3841204000051397,0.7000897729824561,14500,True
1.0630685382669558,0.45755231024992044,0.6617052398719115,0.37126336247399827,1.4696949701661501,0.7072753292691375,9000,True
0.4924396505169954,0.2415003938574877,0.2963908973408113,0.2106533589085091,0.8207005553755935,0.2979552458854514,11000,True
1.0850210911546943,0.6328880422394177,0.6847998915919716,0.42454681189261195,1.4828459320836949,0.7321584346505027,5500,True
0.7789454693221126,0.41281325770426136,0.4679237000339225,0.25536955157590574,1.2881877207461987,0.5930884046608622,20000,True
1.110283852155485,0.5368302512544321,0.6016182653797523,0.42400143729696943,1.7825440909475987,1.1781459115818755,16500,True
1.201110139134359,0.6003552613220048,0.7747329855819957,0.4113472285287107,1.5822042192010377,0.9005132162903027,18500,True
1.0468353545318774,0.5970173355678698,0.6902827508166431,0.47972537027798723,1.5622401792579936,0.9202558981076884,14500,True
1.0952909573605323,0.7519196173078202,0.746882652649194,0.7038554269835489,1.5199090091124803,0.7888538237254177,20000,True
1.0196390307068077,0.5804339419181755,0.5665013558782743,0.5173078234311034,1.5019477460298603,0.6926953055833992,19500,True
0.8975396061505653,0.3249137605379231,0.6800618903327884,0.33343537702042414,1.0658477435252525,0.42105515259607407,13500,True
1.2696913326964705,1.2223186117672722,0.9268356323395764,0.6796202024446272,1.6659375196667727,1.089701126750144,9500,True
1.1753215884141026,0.7564054037601617,0.6952207079498971,0.38943424522135667,1.3416617897295164,0.47771477072145185,5500,True
0.7485616991947314,0.4629508565939663,0.47853309956381107,0.5310832636235949,1.234830447440606,0.5783366636195779,10000,True
1.1518852477708965,0.6640083268136787,0.6903584215484571,0.3895968079500533,1.5889361507642346,0.9585293580754648,12500,True
1.166259135799192,0.5494577809542183,0.7712692772861067,0.4839360460761556,1.4703312764440986,0.7649372690292922,11000,True
1.1893226607071905,0.7869461433318338,0.8533418160634788,0.5557643651310494,1.6559177605559259,1.0510370211185183,12500,True
0.9765008036029202,0.5919471156987094,0.5991320558232399,0.5079544140970327,1.5470416057626823,0.8102712935089953,9500,True
1.0348369738462722,0.48284221461231625,0.40394732819224793,0.5850242483691206,1.5505225335248705,0.810111416243474,10500,True
1.105167887874741,0.5511187604068254,0.6668331961507834,0.3405866983115082,1.3042776810666572,0.5495200237121995,12000,True
1.0807579592413887,0.5512158548817977,0.6784073189262102,0.6214265589238255,1.5106454764512802,0.6014898919806281,14500,True
1.0495456004031278,0.5914249801498113,0.8208681751323135,0.5594336415102976,1.3826967664559264,0.7276238061169802,14000,True
1.028492584998482,0.5348616857210551,0.6264342952987417,0.33735910506324185,1.5225396851810253,0.8704313802459764,16000,True
0.8162522982743936,0.45048841300760645,0.5810765734297161,0.3614827373493802,1.2512882158723713,0.669386555924614,9500,True
1.1623905495821767,0.6509373347785392,0.8002064291164455,0.48901519834308604,1.4228487603045878,0.7293071889310889,14000,True
1.1830261102997235,0.5806809696503802,0.8622816783920413,0.4272923795877709,1.4958887113027313,0.8568045151574858,9000,True
0.8686311403499439,0.31297345347572797,0.5253366028781367,0.27660472318778057,1.1974035757059174,0.4966864079018554,9000,True
1.1720865537302712,0.30185252731829965,0.9998874813345513,0.31133040290902203,1.323965075021532,0.32486471744882206,12000,True
1.3580350328664466,0.7192171092833294,0.9628922383888501,0.3311008035130042,1.5561366341964096,0.880327936222869,15500,True
0.9098551999245394,0.45157991741614883,0.5916349332005015,0.2809502330162024,1.364735144334368,0.6338838909477086,16000,True
1.0792611437077797,0.628631841338851,0.7151834199049267,0.7194790617456046,1.4858169451905359,0.721400349510556,27500,True
1.3350299292747425,0.7844414607612101,0.9611603446213038,0.5828247807757484,1.5609705117778157,0.8855186864553151,13500,True
1.1120063076038456,0.6782233315171504,0.607083782208808,0.4194275536451621,1.530436311147758,0.7096768323962712,16500,True
0.9592489154076477,0.2636335162070397,0.5963577596329193,0.2702759262932842,1.591982179248318,0.761383952129688,11500,True
0.9166773214017261,0.3554785187201337,0.601576638531526,0.35370813951781577,1.2954005684237555,0.4789581331735797,10000,True
0.6901126845162794,0.4740524994462756,0.44394724024357274,0.3470971768977424,1.2409659588405582,0.5783195867498861,9000,True
1.2391906117685356,0.5891022012032933,0.8288691420124297,0.43180864796794205,1.4582732095442872,0.7782233711118033,16500,True
0.9590489236719867,0.4633810361552679,0.6201777362924645,0.375158210141712,1.2909420941227436,0.6564352092946847,14000,True
1.069530241553145,0.48038725320154546,0.7969377518774092,0.49550176195714724,1.4741886856080335,0.7985440975095949,8000,True
0.9194023615599398,0.6316889484379744,0.48966908287142263,0.5916700227274965,1.441372332028252,0.85075798425189,10500,True
1.0207303787979989,0.40856546879905564,0.7825721249512657,0.5387014395983454,1.2597372020849453,0.553698483630483,10500,True
0.8750372178322343,0.8150517435501755,0.5453327823730293,0.6997835062451667,1.4263300596914155,0.6665464300406566,15000,True
1.1546194208165366,0.6048310760508111,0.8302416962214535,0.488368735809598,1.609266947987806,0.7599734649963281,7000,True
0.8887846447958585,0.5787658179308716,0.6179282868685444,0.4309841204280789,1.402007198294471,0.7729418918452813,7000,True
1.0666109730833213,0.36006037372110444,0.5483631961700045,0.3333258358170389,1.1727520362977701,0.40574282538376716,15000,True
1.008399688502509,0.36928650369662486,0.5596714698767586,0.29104746846983687,1.2235830240047836,0.471106600279352,14500,True
1.3396925939648272,0.7997328058854426,1.0509583235007218,0.705098698640479,1.6028724675230408,0.9871959025636823,19500,True
0.9057553952762799,0.5864928812793964,0.4650594119944169,0.5456191266463213,1.4457993035796621,0.7433025957642261,8000,True
1.0704167927712795,0.6412840864557887,0.8471202781316512,0.5623729851025817,1.4155793413566387,0.7658846108503119,13000,True
1.0881685966831725,0.8359315442495405,0.5659256361468374,0.44469485536081443,1.5206825845246241,1.1011265056471138,7500,True
1.0735306318808486,0.780624618199847,0.6895519188460466,0.5234090591172769,1.6639188667932052,0.9717789082090593,12500,True
1.0124279438309658,0.6477048755931559,0.6614019814750854,0.5350253124697566,1.5677824578809505,0.8641422765332196,11000,True
1.1179731680927611,0.5645382476836031,0.8177308914482342,0.5637515609697041,1.5633565625014698,0.7925348330763291,26500,True
1.0079062092555704,0.7599282123098824,0.6030931444695748,0.5058620957315505,1.6184637360109762,0.9373998504444268,13000,True
1.1718862456673516,0.7127119149840263,0.9216976752521496,0.769555719549994,1.3871031461149412,0.8449771612886684,6000,True
1.0259183359450716,0.47637425744667944,0.7324148871023414,0.472818217639805,1.4800694848882692,0.8082808354904596,9500,True
1.1570543415716636,0.5331218095544766,0.8363883017501967,0.4485930206336791,1.4309764660723736,0.7264919728031264,9500,True
1.1624358081326929,0.5176994498210579,0.774043061177166,0.4853730556595698,1.4177090878033354,0.7164216341395566,10500,True
1.113135989065175,0.5370573846074055,0.7984269630332167,0.5057134049465802,1.573185583606472,0.9607075047841884,9000,True
1.340860401597642,1.01624723473563,0.9002511144084783,0.6004722003344148,1.6476605811875162,0.923378765637545,16500,True
1.106341243595345,0.4651563761407673,0.7064724260332379,0.37090963964971535,1.396402370241219,0.6935305253058155,10500,True
1.2280923043873115,0.5719464255705088,0.8369106858511689,0.4400093375312079,1.6324499870014408,0.8872884895332906,13500,True
0.9907061395424474,0.5190546302456048,0.36170413760203196,0.27100755819906097,1.33954608289705,0.688779297549355,18000,True
1.0880555891297967,0.44609646503661377,0.7852992291443747,0.6106322954332973,1.4919053393658093,0.7835966889981946,12000,True
1.017530291191631,0.7217247638734448,0.6533922010203068,0.4725657314614249,1.5801167667046536,0.9449554321215536,22500,True
0.8573346184516883,0.9383651724640266,0.4477060731805701,0.4395063771151225,1.3333597438537677,0.7735961907199594,-1,False
0.8822885572979905,0.4692655887248336,0.364394874112167,0.47933550003868314,1.403814226970444,0.7542303703033243,21500,True
0.9972834798173655,0.4007291978018643,0.5657381674229902,0.34488603719105954,1.4020096608288108,0.5213104931529247,14000,True
1.003048167700539,0.6639921665909786,0.6344414134336048,0.37331282436008745,1.427853875300191,0.8377495776526434,18500,True
0.8900148477121846,0.5370574294178081,0.5319140736540575,0.4214853001971494,1.4099823844291623,0.760826629770962,10500,True
1.096470885284539,0.7454885527363624,0.8507165814144034,0.503428475959914,1.4142498891993935,0.4515602848396824,12000,True
0.8085270546433322,0.3104430677112205,0.6821875718867866,0.3040671555267971,1.0825711972726804,0.3664119322370366,12000,True
1.1062505958236382,0.54548783757405,0.6764881482942532,0.35596081088078485,1.3554539508950854,0.5511323415240111,10500,True
1.2227888391750765,0.5803320463532426,0.9993179742578757,0.4935803338190583,1.5670670392089188,0.8193247435216438,17500,True
0.742078583149876,0.3180880823554766,0.3781185144448619,0.1920742776768064,1.2801084311871103,0.6716226380824459,12500,True
1.0130540390039442,0.5461876918094419,0.6476672121640653,0.509772312324637,1.402653128229019,0.7287812709206535,12500,True
0.9505281939966174,0.6447868607593327,0.5942320567704793,0.31707000712198813,1.1769541192878374,0.4876453793211181,1500,True
1.109474744817005,0.5203879453291274,0.6981222329673713,0.6174926396461955,1.5361070555556153,0.7154873792873024,13500,True
1.2255203874999958,0.6421992175310772,0.9187744275938328,0.3662387573662249,1.3857037258347493,0.5174788389364405,7000,True
1.0515290851478516,0.48849992988302177,0.615186397310896,0.4022742041577951,1.5766932731868875,0.7764476329396438,11500,True
1.1466910963917158,0.5972197007812773,0.6954649721155409,0.6199708865225242,1.3686249475117935,0.6922201851939885,22500,True
0.8344620032284025,0.4145335617560169,0.647290499659686,0.4540551029599927,1.1918112115577795,0.695896714556471,16500,True
1.1733614622836663,0.7458887717668373,0.7192290788698459,0.5985244886426144,1.834774822208258,1.3022591848402305,11000,True
1.0050386201935266,0.5118174779187993,0.4205794030678554,0.3123324820430976,1.3925381800745595,0.7049331140759214,16000,True
1.0564445893553593,0.7419006479930642,0.7083219390719363,0.4938110625621933,1.5257955672368606,1.0367618631557312,11500,True
1.073069173799397,0.41966298424175963,0.791348085491607,0.42259931229003733,1.4546461410508855,0.6015932710749902,5500,True
0.7809151668415525,0.44511130626085543,0.4807314776598389,0.3723413650067286,1.3645230966559343,0.8137921216667889,11000,True
1.2585723775856201,0.7454099838374044,0.92048792417494,0.5280981450338632,1.6060801009346557,1.093396913486474,20500,True
1.2137522810378678,0.8704922801720298,0.839684049851892,0.5542165942856152,1.5802861382687943,0.8544319623883736,18000,True
1.0600548859141712,0.7092221335834801,0.7029491430546058,0.7834141889073669,1.5558514656245142,0.9883132532840928,14000,True
1.1637840445812646,0.5948908113318931,0.7902725826891355,0.49018402848235987,1.5577192684238539,0.9081762696634483,14500,True
1.1511035845788269,0.2773386146989129,0.6926987622979465,0.30169943613083094,1.179621204022754,0.49619831248535,13000,True
1.0477072933418246,0.6544368909066179,0.6328057297497174,0.6259369882217238,1.5531679833875978,0.8172868397530808,18500,True
0.7727546462245724,0.27308108608789106,0.22866929218836396,0.08211625041392451,1.1952475534231852,0.4057113748516236,7500,True
0.9025795581699535,0.391748989339474,0.602034679789698,0.331111782083061,1.3323699332175447,0.5657311777003103,18000,True
0.8912349127712041,0.48897741720026267,0.6451268764191513,0.3487410568999816,1.316951283937171,0.5187018448961686,15500,True
1.2987164204948796,0.9674665851683286,0.8257878686172466,0.6306014939177635,1.564676812814568,0.9371630822590613,17500,True
0.7027498469002063,0.2607176996233491,0.3772094823893399,0.15586027983945533,1.2680930047446934,0.4723367469670227,18500,True
1.0845950947002665,0.38174824017649495,0.6118256600657198,0.3309332733465431,1.4301723491505525,0.5867525969415451,14000,True
1.2155909081317398,0.6139218801261109,0.891910488038726,0.47961037058178524,1.5714232151784542,0.8785386615631681,17500,True
1.2119016560909968,0.8146404943883024,0.8861116243003194,0.6140055134056274,1.468556491892093,0.8168134282400186,14500,True
0.9488446069274693,0.7522795926393764,0.7089635861061622,0.5543336120542925,1.361698902276144,0.7788891633784973,9000,True
0.7881114529260379,0.34084648222113983,0.3303199571451277,0.1851773007582135,1.213649599470114,0.5359334118387352,11000,True
1.0235899379521762,0.42137590506004075,0.45022339657451843,0.4104687756696153,1.4814411672011059,0.7132542536915911,5500,True
0.8916918243107778,0.8955211944413709,0.5091581588729267,0.5161347973283555,1.3515071364198206,0.7547120482243603,20000,True
0.9282805030454546,0.3689019965322705,0.5528946024735928,0.3977306540684981,1.3397568245678557,0.6604541545860059,16500,True
0.9863537326672316,0.5348359414368107,0.6999654055648661,0.3973129236749271,1.3212018469005506,0.7135753238399141,18500,True
0.9432218782196224,0.986145357515512,0.45547259641117915,0.4337160731314355,1.452941185417859,0.9777611072308134,14500,True
0.9827585296189268,0.5453512757470608,0.5190075638875203,0.36807546677136815,1.5473127413060461,0.7707257200375092,20000,True
1.1445664524480488,0.5754947808065731,0.8050039689223266,0.584986723074358,1.4237597978269774,0.7187175970737216,19500,True
1.0116255438076345,0.8025597033513461,0.6329287490525588,0.5407131562179578,1.4269667435196878,0.6440074723739724,13500,True
0.8348366493180783,0.3369164347973061,0.417828321736673,0.17650565082520162,1.3391478963989845,0.5826476143768482,9500,True
0.860529017046503,0.47538623258857654,0.581489220176654,0.4468569433970769,1.1756364229761238,0.5163990081012766,5500,True
1.246859552575191,0.5388947577755901,0.8199027236580784,0.575042747600996,1.434781738228918,0.7959455502924401,10000,True
1.1969012592793105,0.7922761898345316,0.9535613500936955,0.6629457118299725,1.655666709515023,1.102507652454322,12500,True
1.1642395813316744,0.8890128669055376,0.7971792051624904,0.6249671551872368,1.2684731577113102,0.6916176124377629,11000,True
1.0075608378969794,0.4736797227826559,0.595089106559014,0.3868896232474775,1.4575848556742812,0.7214913162668531,12500,True
1.0699581948499488,0.6260986039781757,0.6876621480291057,0.5152472925530768,1.4729363939757278,0.8402103475572681,9500,True
1.0957027111701736,0.5803051156549568,0.7077274555919617,0.48503098521760296,1.5775509085103865,1.029009590949465,10500,True
1.0995587859292373,0.5891901630905284,0.7452241885324613,0.5474643503739368,1.429505289833826,0.6593577539969684,12000,True
1.3020116861253868,0.725677590368892,0.9089600421816505,0.6064537266211469,1.6333614035035657,1.1187852181439115,14500,True
0.9765087417521526,0.5357233381194688,0.5984667285974516,0.39133987524022185,1.3080550675190248,0.579498095735924,14000,True
0.9934130030544223,0.6135364124420216,0.6843853570997431,0.6516609317901234,1.325063926967718,0.7420026791204326,16000,True
1.0913765163252487,0.6268406354155212,0.667574942034038,0.3929727028020635,1.6373594092962966,1.008085496240533,9500,True
1.0122287895136293,0.42888399058353216,0.511208564146587,0.5594238287230198,1.459780528783774,0.565487611213967,14000,True
1.092443998807368,1.0100809172271195,0.6441973855106455,0.6048044625083495,1.5531261774871965,0.9416095824242777,9000,True
0.8158011415387076,0.39847161834415445,0.5332274731415552,0.3124227830006365,0.9940793441441231,0.37269026430135216,9000,True
1.1346533985584135,0.4427822210858948,0.7392947570404294,0.32794380754374547,1.51817681389074,0.6905360958194848,12000,True
0.962448707615535,0.43874882716109087,0.7876656608114591,0.4538470010008115,1.2423844464522924,0.5604670109888285,15500,True
0.9727126598025149,0.8797370912783069,0.6474914407296443,0.6525304489181247,1.439994225202173,0.7138474153439025,16000,True
1.048599061286135,0.6170451196179262,0.6185798802418364,0.3810297818197622,1.522092894420245,0.6442096777574466,27500,True
1.1004632531724043,0.5249146290812862,0.7477441623305301,0.47139155552205697,1.6105925776607033,1.06070544788443,13500,True
0.9507489367467348,0.5342486850083836,0.5714455111963478,0.3258845482926013,1.422706933189415,0.8407472985014992,16500,True
0.8562456438385014,0.3174827758540441,0.29690938827170105,0.19866287443129294,1.5292488934243,0.7737115948855107,11500,True
1.0744545833165835,0.7319893343475505,0.6835254274472141,0.37225157689602995,1.5192534175095236,0.7131377627494407,10000,True
0.8882922389214539,0.6832190454465885,0.6327796862067296,0.37423905291941906,1.3869212653338128,0.6540333386623652,9000,True
0.8065322432726384,0.8845004996185064,0.46127246987335646,0.5690174878913913,1.3023078084752706,0.6039028576822211,16500,True
0.9205968479307024,0.545955783574486,0.6289765883133781,0.6183740710934749,1.4299276251623285,0.8382730862294039,14000,True
0.869947348005541,0.5409710205515758,0.588319791722043,0.35483215636898174,1.3678236597837403,0.74415926325662,8000,True
0.9026752351387701,0.39909576394199264,0.4835375589724835,0.2733120409575857,1.4769009273217344,0.7326587809198378,10500,True
0.9027384595902629,0.47977368890827926,0.6381273309742256,0.5580015575864479,1.211372377804325,0.6565807525106295,10500,True
0.7886524621283469,0.7624887578604217,0.47706041454297876,0.4429408193949521,1.351685077320775,0.7009516938083646,15000,True
1.1242864070341536,0.5202742320466849,0.7639025799273546,0.46636334835691295,1.4771219341310964,0.7807621360622317,7000,True
1.334225958059134,0.6624540898883049,0.7926915300688662,0.48673815857578484,1.6216644496434722,0.8818371874480199,7000,True
1.0484004389619381,0.6096912162985073,0.765019795277905,0.285380418764473,1.3569082643225487,0.6398932353343958,15000,True
1.0353310345706352,0.7140174064459919,0.5883588142069098,0.6146163917969738,1.444290124507007,0.8715674979870742,14500,True
1.2209667963529458,0.5543061911925764,0.8000621467929193,0.43475462000978005,1.5827552241649185,0.9617196304428626,19500,True
0.8735551731832698,0.8937371572740798,0.4332876015415101,0.530508528317041,1.5779027388245597,0.7276856883376547,8000,True
0.7315407335613637,0.4698918553800162,0.5422322853297894,0.4840517659315402,1.1013719336823653,0.5050791003288506,13000,True
0.6952306820925638,0.4725565340440346,0.44115417236299537,0.2945395620558935,1.1819086045593332,0.5058137399394405,7500,True
0.893858922720415,0.7548173311496633,0.6022129566675908,0.4996758171652157,1.3215661519884603,0.6497358831802758,12500,True
1.1288689739315847,0.696463579342081,0.7985015425923692,0.4237449690535222,1.4406696769200935,0.6980400025243118,11000,True
0.9749669219767209,0.44654476383151,0.5628981838060853,0.3190103996080556,1.5380531044113468,0.920464050469462,26500,True
0.9741871397813363,0.35644742865465306,0.40112745710271147,0.253385615634911,1.265873188004497,0.5943556099687937,13000,True
1.3351312930342139,0.5000009703123923,0.9754239836550753,0.5646040066021278,1.4882602862778143,0.6669053479255012,6000,True
1.213010439966116,0.6225303513544213,0.799876196996959,0.5985599301553095,1.5510034821462682,0.8397324262107906,9500,True
1.0263192250474167,0.3572703500203123,0.4664705440696761,0.30449867294946653,1.410561066160324,0.8166965265517707,9500,True
1.2067913667704706,0.6506763534715728,0.9571203067383023,0.621227084442129,1.529650368393105,0.7866857766785684,10500,True
0.975551304989762,0.35727843556802114,0.661400004515156,0.326940974732629,1.3346168360263846,0.5078178672499333,9000,True
0.8237476708141711,0.48372776969299647,0.4583816115000957,0.47973406642448624,1.3349034812874516,0.5946180468660572,16500,True
0.900318513090293,0.4352387451461715,0.6167548622373069,0.37306759556311825,1.4453744685834216,0.6767911873335651,10500,True
1.01282203507171,0.41903943338497046,0.5927874418751597,0.2896079018874115,1.030426071195074,0.4925500912296169,13500,True
1.074635817303278,0.8892005108440311,0.7232742255274199,0.9724393702568912,1.6586799983546614,1.049269508607929,18000,True
1.1510615963442894,0.7013321027534205,0.8292267036936611,0.44883947348060704,1.3310454261925058,0.7405640804118607,12000,True
1.0007359857361573,0.35574590903647874,0.5986947894509403,0.5197755374201818,1.2331424463607108,0.4254549162529696,22500,True
0.8715246672644539,0.35891235477373296,0.4415097350570696,0.3127865195039638,1.4444209638125318,0.8166622088477031,-1,False
1.3388968335398719,1.0634333529443531,1.0535667245471192,0.7622209598142227,1.6131609293218028,1.0684175187534664,21500,True
1.3440844014984155,0.7341149122005831,0.9551969109456442,0.7241109911710035,1.5620969218235718,0.8510548667500499,14000,True
1.1451217172597674,0.5137088369065715,0.5846370860084965,0.3885856151250682,1.28581761651187,0.607669035247487,18500,True
1.0033007961266673,0.42878979310218657,0.6004951444190408,0.39377581016559887,1.5475773339417112,0.8118220863958162,10500,True
0.8742670230753155,0.2833784758617049,0.5850735431002007,0.28725580199392486,1.2587518219450857,0.6336493590862091,12000,True
1.0469055072604565,0.6937752260270006,0.6073391873492464,0.4317237354128922,1.5502558180105077,0.8759843863527494,12000,True
1.1519957642102796,0.3642466567040583,0.6239788665931097,0.34203721625668726,1.3370798377926651,0.4452978358093177,10500,True
0.9143723399324031,0.35651357537654726,0.6986809629044742,0.2893648497481783,1.091908533034756,0.5033902218093367,17500,True
1.06918112860622,0.5112659239324473,0.6091548249984546,0.4092310203505028,1.4752103321732117,0.7273722206871532,12500,True
1.1572621049290714,0.8010251399818458,0.7956356440585177,0.602072677153962,1.3528356948559512,0.6599116814868939,12500,True
1.0565681283534574,0.8330856989663161,0.68874816267261,0.4545674434530587,1.3519878035413533,0.7465158351907829,1500,True
1.0877009941781013,0.7032543021157276,0.7616374998284878,0.5664526983387695,1.4261803310505752,0.7653189162667902,13500,True
1.0275837475152954,0.5222113258072174,0.7232473368048524,0.34563623258156895,1.3975764519207605,0.6123559180778112,7000,True
1.2430042188396095,0.6349652556472389,0.71368525121605,0.5904592547884797,1.562033840913978,0.8110331828536999,11500,True
1.2448490539304469,0.7214675278096997,0.8197124347999124,0.406941456873557,1.6127403423502025,0.924738463042641,22500,True
0.7058622582432106,0.2817165674643564,0.371550941446272,0.26740973948952196,1.1826763442085113,0.4559337516229514,16500,True
0.7712695510424149,0.5464785065500722,0.44838091968152277,0.26022748702269505,1.384830057442904,0.7385736891433214,11000,True
1.1259353215638328,0.5062064726119725,0.7374304644729819,0.416831748697164,1.323935135842696,0.634182071520037,16000,True
1.0881969043605082,0.6583551369019423,0.4405562419963485,0.4545674434530587,1.4436630166425557,0.8749893990675424,11500,True
1.3409742767172763,0.6300579293876584,0.9755822685012205,0.5283956184514444,1.565733952358968,0.9505715779887068,5500,True
0.7937604668479205,0.39152176357560364,0.5250934490567697,0.24466883307801102,1.2212342921034924,0.5370042625914508,11000,True
1.278175317007339,0.7167810085379742,0.9273412999269564,0.5276477049602968,1.5820008351641441,0.8912559009053155,20500,True
1.0888861075802383,0.757414526594543,0.8195308858296,0.5330498472972873,1.4754275286116514,0.7686405953969319,18000,True
0.9217460445657905,0.5295404100124637,0.5503227272098082,0.31531316660838987,1.3600450824825876,0.5808563105330345,14000,True
1.1408454566164175,0.9008466459042003,0.7306898023685675,0.6203554833959968,1.6603711031778254,0.9264492801694153,14500,True
1.1327359160151154,0.7448375085471717,0.7823526347177352,0.4477895120592015,1.5957810101342702,1.0318589612930753,13000,True
1.0807162990609993,0.5754174428806602,0.8366037144434405,0.4354271807790566,1.5100139116989717,0.7683947471989343,18500,True
0.9101034982895214,0.3834528754730461,0.5434740882512081,0.26656523802802096,1.3690734180936566,0.577606476800191,7500,True
1.1899219219895258,0.8591777103341725,0.8319962709369969,0.6480612568601244,1.4775564596459072,0.7613052192280382,18000,True
0.9794061349207213,0.6029548444762729,0.6610866680312983,0.5930376072103849,1.450809312109674,0.8188789385736861,15500,True
0.9677832606905559,0.5693115087651957,0.6445323978283162,0.36986261875899534,1.571100151148565,0.9393415192407851,17500,True
1.2399220275097964,0.8042394498134159,0.9828355913000177,0.8809333283698818,1.5903358488959607,0.864487681402027,18500,True
1.103171510959483,0.4580496823287509,0.612684255778151,0.44787684161998664,1.3476603259840927,0.5409248136936937,14000,True
1.0538270746583163,0.3841161305693715,0.6257257764156967,0.3214624932321948,1.417794003701989,0.7081512393859304,17500,True
0.9435286591491837,0.2978815086069991,0.39668790224122624,0.288423758339048,1.300195444055709,0.6695649609187988,14500,True
1.0414043752366247,0.8018001175628258,0.5644502641340902,0.3528867545899607,1.3305682749582144,0.632494411092097,9000,True
0.9395131747370655,0.42455316512925045,0.4503776382888701,0.6312714308098402,1.4764460529986745,0.8151874422391616,11000,True
1.2105933865888456,0.45349133688789667,0.9197087825427287,0.43472589148260116,1.3771289187788678,0.6387041627147398,5500,True
1.0604077147481255,0.8456374575608298,0.6125315118637835,0.534594688584183,1.591691426986037,0.8236471850133957,20000,True
1.076124746241114,0.705567178027268,0.7456635117954513,0.4219260650212939,1.363685366348904,0.7413861077331563,16500,True
1.2434314176605694,0.6765473835087739,1.029099297044693,0.4637518777879391,1.5863056736254793,0.8742011339611971,18500,True
1.0442172239154852,0.7357053109275243,0.7026323183218478,0.4722308975328979,1.476914638286741,0.8765896670148627,14500,True
0.9435529195893819,0.5187795368595185,0.5695521730617216,0.4108227150956905,1.4007080221104138,0.7812224880174777,20000,True
1.0420221860447443,0.702474921403384,0.7038253855844477,0.5016923450930545,1.5105133946394778,0.8085342314283686,19500,True
1.0282926012801954,0.49740693764219385,0.7798212485136802,0.45620346042992704,1.16721829168072,0.6935373956593268,13500,True
0.8300268476703689,0.6548345335974531,0.47538275180968786,0.45222706669777196,1.4063632724933832,0.7271768268754697,9500,True
1.005983374997848,0.9273983523963878,0.5326618520642952,0.6197273607553442,1.581045558361285,0.9669428029243972,5500,True
